0	63	0
63	58	0
121	59	0
239	121	1
301	58	0
424	122	1
481	66	0
547	117	0
664	58	0
722	63	0
785	84	0
925	121	1
1048	115	1
1105	57	0
1162	57	0
1219	59	0
1278	57	0
1335	65	0
1400	56	0
1456	55	0
1511	56	0
1624	113	1
1680	58	0
1802	121	1
1859	56	0
1973	115	1
2030	58	0
2088	57	0
2258	168	2
2313	57	0
2370	56	0
2426	57	0
2483	58	0
2541	58	0
2599	63	0
2720	116	1
2778	56	0
2834	59	0
2893	57	0
2950	60	0
3010	63	0
3073	57	0
3130	60	0
3190	57	0
3247	56	0
3303	57	0
3360	58	0
3418	66	0
3542	117	1
3601	58	0
3659	58	0
3717	56	0
3773	58	0
3831	57	0
3888	65	0
3953	56	0
4009	56	0
4065	55	0
4120	56	0
4176	58	0
4292	120	1
4354	58	0
4412	59	0
4471	80	0
4551	56	0
4607	58	0
4665	59	0
4724	62	0
4899	174	2
6970	922	0
7892	60	0
8036	141	1
8093	52	0
8145	51	0
8196	51	0
8247	51	0
8298	51	0
8349	51	0
8400	51	0
8451	57	0
8508	51	0
8610	104	1
8663	52	0
8715	53	0
8768	52	0
8820	58	0
8982	156	2
9034	54	0
9088	52	0
9140	52	0
9192	57	0
9249	53	0
9302	54	0
9356	50	0
9406	52	0
9458	55	0
9569	107	1
9620	51	0
9671	52	0
9775	105	1
9828	52	0
9880	52	0
9932	50	0
9982	59	0
10041	52	0
10143	103	1
10247	103	1
10299	51	0
10350	59	0
10409	51	0
10460	51	0
10512	52	0
10616	103	1
10667	52	0
10719	57	0
10829	103	1
10879	51	0
10930	50	0
10980	50	0
11083	102	1
11132	56	0
11188	52	0
11240	52	0
11345	108	1
11400	52	0
11506	116	1
11568	52	0
11620	52	0
11672	52	0
11724	51	0
11775	52	0
11827	52	0
11879	58	0
11937	53	0
11990	52	0
12043	52	0
12095	52	0
12147	52	0
12199	54	0
12253	53	0
12358	103	1
12409	52	0
12461	52	0
12513	53	0
12566	53	0
12780	211	3
12882	107	1
12937	52	0
13043	111	1
13100	52	0
13152	53	0
13205	50	0
13255	51	0
13358	103	1
13520	166	2
13575	52	0
13627	52	0
13679	52	0
13731	52	0
13783	51	0
13834	58	0
13892	53	0
13945	53	0
14051	102	1
14100	69	0
14169	50	0
14219	56	0
14275	51	0
14326	55	0
14495	165	2
14546	51	0
14597	59	0
14656	50	0
14706	53	0
14759	50	0
14809	51	0
14860	50	0
14910	50	0
14960	52	0
15012	53	0
15116	102	1
15167	55	0
15327	156	2
15378	56	0
15434	49	0
15483	52	0
15591	108	1
15643	51	0
15694	51	0
15745	57	0
15802	52	0
15854	50	0
15904	51	0
15955	52	0
16007	50	0
16057	52	0
16217	159	2
16268	51	0
16319	52	0
16371	52	0
16423	51	0
16527	111	1
16585	52	0
16637	52	0
16689	51	0
16740	53	0
16844	103	1
16896	57	0
16953	54	0
17007	53	0
17163	154	2
17214	53	0
17267	59	0
17326	54	0
17380	55	0
17435	52	0
17487	53	0
17540	52	0
17592	52	0
17644	52	0
17696	52	0
17801	107	1
17855	52	0
18010	154	2
18061	58	0
18119	50	0
18169	52	0
18275	106	1
18327	51	0
18378	51	0
18487	110	1
18539	51	0
18643	105	1
18747	102	1
18797	59	0
18856	52	0
18908	51	0
18959	53	0
19012	51	0
19063	52	0
19115	53	0
19168	53	0
19221	57	0
19278	51	0
19329	52	0
19381	53	0
19434	52	0
19486	54	0
19540	54	0
19594	61	0
19655	53	0
19708	53	0
19761	52	0
19813	52	0
19865	52	0
19917	51	0
19968	60	0
20028	54	0
20082	55	0
20137	52	0
20189	53	0
20242	53	0
20349	107	1
20402	53	0
20455	53	0
20508	54	0
20668	159	2
20779	121	1
20947	157	2
20999	51	0
21050	52	0
21102	51	0
21153	59	0
21212	54	0
21266	52	0
21318	53	0
21424	105	1
21476	54	0
21530	60	0
21590	58	0
21702	107	1
21755	52	0
21807	53	0
21860	55	0
21915	52	0
22079	164	2
22131	54	0
22185	53	0
22291	106	1
22405	114	1
22458	54	0
22512	54	0
22622	110	1
22676	52	0
22728	60	0
22788	52	0
22840	53	0
22893	55	0
22948	52	0
23000	52	0
23105	106	1
23158	53	0
23211	54	0
23372	160	2
23425	54	0
23479	53	0
23532	61	0
23647	107	1
23700	53	0
23753	53	0
23806	53	0
23859	52	0
23911	61	0
23972	52	0
24078	108	1
24132	53	0
24185	52	0
24237	53	0
24290	62	0
24352	54	0
24406	57	0
24463	57	0
24520	53	0
24573	54	0
24680	104	1
24731	60	0
24791	53	0
24844	52	0
24951	108	1
25058	106	1
25110	58	0
25221	106	1
25274	56	0
25330	52	0
25487	168	2
25550	53	0
25603	53	0
25656	52	0
25708	52	0
25760	56	0
25816	52	0
25868	52	0
25920	52	0
25972	51	0
26023	52	0
26075	51	0
26126	54	0
26180	53	0
26233	53	0
26286	60	0
26398	106	1
26452	53	0
26505	54	0
26559	52	0
26611	56	0
26835	221	3
26942	107	1
26995	53	0
27161	168	2
27216	53	0
27269	57	0
27326	54	0
27721	597	2
27977	47	0
28024	51	0
28075	50	0
28176	103	1
28228	51	0
28279	59	0
28338	43	0
28381	50	0
28431	54	0
28485	52	0
28537	51	0
28588	53	0
28743	151	2
28792	50	0
28892	102	1
28944	50	0
28994	52	0
29046	52	0
29098	51	0
29149	51	0
29252	104	1
29304	51	0
29355	49	0
29404	60	0
29464	45	0
29562	104	1
29715	152	2
29765	59	0
29824	44	0
29868	50	0
29968	101	1
30019	55	0
30074	50	0
30124	60	0
30184	42	0
30226	51	0
30277	52	0
30380	103	1
30432	49	0
30481	50	0
30531	59	0
30590	41	0
30631	50	0
30681	50	0
30731	50	0
30781	50	0
30831	51	0
30882	56	0
30938	45	0
30983	49	0
31032	50	0
31132	100	1
31291	151	2
31333	55	0
31388	49	0
31437	53	0
31490	51	0
31541	50	0
31591	51	0
31642	51	0
31693	50	0
31743	51	0
31794	52	0
31846	58	0
31904	52	0
31956	51	0
32007	60	0
32067	42	0
32159	102	1
32211	53	0
32264	50	0
32314	51	0
32365	59	0
32467	94	1
32518	51	0
32569	52	0
32621	51	0
32723	110	1
32782	42	0
32824	52	0
32876	51	0
32927	49	0
32976	50	0
33026	51	0
33128	111	1
33231	94	1
33282	49	0
33433	153	2
33484	60	0
33544	43	0
33587	51	0
33638	51	0
33742	105	1
33794	51	0
33845	59	0
33904	42	0
33997	102	1
34048	51	0
34099	51	0
34150	51	0
34253	104	1
34305	50	0
34355	55	0
34410	51	0
34461	50	0
34511	50	0
34561	52	0
34613	59	0
34672	46	0
34767	100	1
34818	51	0
34869	51	0
34920	51	0
34971	55	0
35026	45	0
35071	50	0
35121	51	0
35223	103	1
35326	109	1
35384	43	0
35427	53	0
35480	51	0
35531	50	0
35581	51	0
35632	52	0
35684	50	0
35734	59	0
35793	46	0
35839	51	0
35890	49	0
35939	52	0
36042	103	1
36094	56	0
36150	46	0
36196	52	0
36248	54	0
36302	48	0
36454	161	2
36511	45	0
36556	51	0
36607	52	0
36659	52	0
36711	51	0
36815	104	1
36866	51	0
36917	54	0
36971	50	0
37081	111	1
37132	51	0
37183	54	0
37237	60	0
37297	48	0
37345	51	0
37396	51	0
37447	51	0
37498	51	0
37549	52	0
37601	59	0
37660	44	0
37704	52	0
37756	50	0
37858	111	1
37970	114	1
38031	44	0
38075	55	0
38130	54	0
38184	53	0
38311	126	1
38363	50	0
38413	59	0
38515	93	1
38616	101	1
38666	51	0
38717	50	0
38826	104	1
38871	50	0
38921	51	0
38972	50	0
39022	51	0
39073	84	0
39157	60	0
39217	46	0
39367	155	2
39418	54	0
39472	50	0
39522	54	0
39576	51	0
39627	54	0
39681	51	0
39732	51	0
39783	51	0
39834	51	0
39936	109	1
39994	43	0
40037	54	0
40141	102	1
40193	50	0
40295	110	1
40353	44	0
40397	48	0
40445	54	0
40499	51	0
40550	52	0
40602	52	0
40654	57	0
40711	44	0
40755	51	0
40806	50	0
40856	58	0
40914	49	0
40963	50	0
41013	52	0
41065	53	0
41164	96	1
41265	103	1
41317	52	0
41369	49	0
41418	58	0
41476	45	0
41572	103	1
41624	51	0
41675	52	0
41727	50	0
41777	57	0
41834	45	0
41879	53	0
41982	100	1
42032	51	0
42083	52	0
42135	50	0
42238	104	1
42289	51	0
42340	51	0
42391	52	0
42443	51	0
42494	52	0
42603	101	1
42751	154	2
42801	54	0
42855	50	0
42905	58	0
42963	45	0
43008	52	0
43060	51	0
43111	52	0
43163	52	0
43215	50	0
43265	56	0
43321	45	0
43366	51	0
43417	55	0
43472	51	0
43523	50	0
43573	52	0
43625	51	0
43676	58	0
43734	44	0
43829	101	1
43879	50	0
43929	53	0
43982	52	0
44034	61	0
44095	43	0
44138	51	0
44189	51	0
44240	50	0
44290	51	0
44392	109	1
44450	45	0
44495	49	0
44544	53	0
44597	52	0
44649	49	0
44698	50	0
44748	52	0
44909	161	2
44961	50	0
45011	50	0
45061	51	0
45112	51	0
45163	56	0
45270	102	1
45321	49	0
45421	101	1
45471	52	0
45523	56	0
45579	44	0
45623	52	0
45777	154	2
45879	106	1
45935	46	0
45981	51	0
46032	50	0
46082	49	0
46131	50	0
46235	104	1
46342	100	1
46385	53	0
46438	51	0
46489	51	0
46540	51	0
46591	53	0
46644	58	0
46748	96	1
46798	50	0
46848	52	0
46900	51	0
47002	109	1
47060	45	0
47105	51	0
47156	50	0
47206	52	0
47258	50	0
47361	104	1
47465	104	1
47516	52	0
47620	104	1
47672	52	0
47724	51	0
47775	58	0
47833	44	0
47877	51	0
47928	52	0
47980	51	0
48031	51	0
48082	50	0
48132	57	0
48189	45	0
48234	52	0
48286	52	0
48338	49	0
48387	51	0
48438	50	0
48488	58	0
48546	45	0
48591	50	0
48641	51	0
48744	102	1
48794	52	0
48846	59	0
49008	155	2
49060	51	0
49111	51	0
49162	51	0
49213	52	0
49265	58	0
49323	45	0
49368	52	0
49420	51	0
49521	102	1
49624	107	1
49777	148	2
49828	52	0
49880	51	0
49983	102	1
50033	53	0
50086	51	0
50137	621	0
50758	53	0
50811	52	0
50916	104	1
50967	57	0
51078	108	1
51132	53	0
51185	54	0
51239	52	0
51291	55	0
51626	495	1
51841	54	0
51895	53	0
51948	52	0
52056	110	1
52169	112	1
52222	53	0
52275	52	0
52327	52	0
52433	106	1
52539	133	1
52619	53	0
52728	110	1
52834	103	1
52885	52	0
52937	56	0
52993	51	0
53044	55	0
53099	51	0
53150	54	0
53204	52	0
53256	52	0
53308	58	0
53366	54	0
53420	52	0
53472	51	0
53523	52	0
53575	52	0
53627	52	0
53679	53	0
53732	52	0
53784	52	0
53888	103	1
53939	52	0
53991	51	0
54042	51	0
54093	56	0
54149	51	0
54200	51	0
54303	105	1
54356	51	0
54407	54	0
54461	56	0
54570	108	1
54625	52	0
54677	61	0
54738	278	0
55016	174	0
55190	55	0
55349	155	2
55400	50	0
55450	51	0
55501	52	0
55553	52	0
55605	57	0
55717	106	1
55768	52	0
55820	51	0
55871	51	0
55972	106	1
56079	101	1
56129	50	0
56179	50	0
56229	52	0
56281	51	0
56332	57	0
56389	52	0
56441	52	0
56493	51	0
56544	52	0
56647	103	1
56751	105	1
56804	53	0
56962	157	2
57014	53	0
57067	53	0
57120	59	0
57233	109	1
57288	51	0
57339	51	0
57390	52	0
57656	264	4
57706	53	0
57759	51	0
57863	111	1
57921	50	0
57971	52	0
58075	105	1
58128	53	0
58234	104	1
58343	110	1
58395	52	0
58447	54	0
58501	51	0
58552	52	0
58604	54	0
58778	172	1
58830	53	0
58883	50	0
58933	51	0
59037	103	1
59087	56	0
59143	52	0
59195	53	0
59248	51	0
59299	56	0
59355	51	0
59406	53	0
59459	52	0
59511	51	0
59562	51	0
59613	52	0
59665	52	0
59717	52	0
59769	53	0
59822	55	0
59877	58	0
59935	52	0
59987	54	0
60041	59	0
60100	53	0
60153	53	0
60206	52	0
60367	160	2
60418	50	0
60468	51	0
60519	51	0
60570	51	0
60679	109	1
60730	52	0
60835	106	1
60888	52	0
60940	51	0
60991	50	0
61041	55	0
61201	155	2
61301	101	1
61405	110	1
61462	54	0
61516	52	0
61568	52	0
61620	52	0
61672	52	0
61724	52	0
61776	56	0
61884	158	1
62042	103	1
62093	52	0
62197	108	1
62304	103	1
62356	51	0
62407	51	0
62458	51	0
62561	104	1
62670	108	1
62721	53	0
62827	113	1
62887	52	0
62939	52	0
62991	59	0
63102	103	1
63153	51	0
63204	52	0
63256	51	0
63307	53	0
63360	58	0
63418	53	0
63471	52	0
63523	57	0
63580	52	0
63685	107	1
63739	52	0
63791	59	0
63850	52	0
63902	54	0
63956	53	0
64009	52	0
64061	53	0
64169	114	1
64228	53	0
64281	52	0
64333	52	0
64385	53	0
64438	53	0
64491	54	0
64545	60	0
64605	55	0
64660	53	0
64766	106	1
64819	51	0
64870	52	0
64922	52	0
64974	53	0
65027	53	0
65080	53	0
65186	106	1
65239	53	0
65292	54	0
65346	60	0
65512	161	2
65567	54	0
65621	57	0
65678	56	0
65734	60	0
65794	54	0
65848	53	0
65956	106	1
66007	51	0
66058	51	0
66109	57	0
66217	103	1
66269	53	0
66375	105	1
66427	53	0
66480	53	0
66592	112	1
66645	62	0
66707	56	0
66763	52	0
66869	107	1
66922	60	0
66982	57	0
67039	53	0
67092	53	0
67198	106	1
67251	53	0
67304	59	0
67363	52	0
67415	53	0
67468	53	0
67521	56	0
67577	53	0
67683	105	1
67735	54	0
67789	52	0
67841	53	0
67947	106	1
68000	52	0
68052	52	0
68104	59	0
68216	106	1
68322	108	1
68377	54	0
68431	52	0
68542	111	1
68594	53	0
68647	55	0
68702	53	0
68809	106	1
68861	58	0
68919	52	0
68971	53	0
69024	52	0
69127	102	1
69178	54	0
69283	107	1
69339	53	0
69392	52	0
69444	51	0
69495	52	0
69598	102	1
69649	59	0
69759	103	1
69811	52	0
69863	51	0
69914	52	0
69966	52	0
70018	58	0
70076	52	0
70128	53	0
70181	57	0
70291	107	1
70345	52	0
70397	51	0
70448	51	0
70549	102	1
70601	53	0
70654	52	0
70706	53	0
70759	51	0
70868	110	1
70920	53	0
71025	103	1
71076	50	0
71126	50	0
71176	55	0
71231	52	0
71283	53	0
71336	53	0
71389	53	0
71493	104	1
71546	57	0
71603	52	0
71655	53	0
71708	288	0
71996	352	0
72348	64	0
72412	116	0
72613	274	1
72802	53	0
72855	50	0
72905	52	0
72957	53	0
73010	51	0
73061	53	0
73114	57	0
73171	51	0
73222	52	0
73379	157	2
73431	51	0
73482	59	0
73541	53	0
73594	53	0
73647	56	0
73703	53	0
73756	53	0
73809	53	0
73915	107	1
74023	107	1
74076	54	0
74130	54	0
74184	52	0
74236	55	0
74291	61	0
74405	106	1
74510	105	1
74563	55	0
74618	52	0
74670	63	0
74733	55	0
74788	54	0
74895	107	1
74949	53	0
75002	52	0
75054	60	0
75114	53	0
75167	53	0
75220	57	0
75277	55	0
75332	52	0
75438	105	1
75489	62	0
75551	52	0
75603	52	0
75655	55	0
75710	53	0
75870	174	2
75937	52	0
75989	52	0
76091	100	1
76141	54	0
76195	51	0
76246	56	0
76302	52	0
76354	52	0
76406	52	0
76458	52	0
76560	102	1
76664	106	1
76718	51	0
76821	110	1
76879	52	0
76982	104	1
77035	58	0
77093	52	0
77145	52	0
77197	52	0
77249	56	0
77305	53	0
77358	52	0
77410	60	0
77523	105	1
77575	54	0
77629	51	0
77732	103	1
77783	58	0
77841	51	0
77996	155	2
78152	158	2
78205	57	0
78262	52	0
78368	106	1
78420	54	0
78474	53	0
78527	55	0
78582	58	0
78640	52	0
78692	51	0
78743	53	0
78847	103	1
78899	51	0
78950	58	0
79008	55	0
79114	101	1
79164	54	0
79218	51	0
79320	102	1
79371	51	0
79422	51	0
79473	53	0
79526	52	0
79578	54	0
79632	51	0
79683	54	0
79737	58	0
79795	53	0
79848	52	0
79955	108	1
80008	53	0
80061	53	0
80114	60	0
80174	51	0
80225	54	0
80279	52	0
80331	53	0
80384	52	0
80436	55	0
80491	59	0
80603	107	1
80657	53	0
80762	105	1
80871	110	1
80925	58	0
81034	104	1
81087	53	0
81140	54	0
81248	107	1
81301	61	0
81362	52	0
81414	52	0
81466	54	0
81574	107	1
81741	167	2
81794	55	0
81849	53	0
81956	108	1
82010	53	0
82063	54	0
82117	57	0
82226	105	1
82279	51	0
82330	53	0
82435	104	1
82487	57	0
82596	105	1
82649	69	0
82989	634	1
83352	52	0
83404	56	0
83460	52	0
83512	51	0
83563	51	0
83614	52	0
83666	53	0
83719	53	0
83830	111	1
83883	52	0
83935	52	0
83987	52	0
84143	156	2
84195	58	0
84358	159	2
84412	53	0
84465	56	0
84521	55	0
84576	61	0
84637	54	0
84745	107	1
84798	53	0
84851	53	0
84959	117	1
85021	56	0
85077	58	0
85135	56	0
85191	53	0
85244	54	0
85298	55	0
85353	54	0
85407	139	0
85546	54	0
85600	53	0
85653	54	0
85761	108	1
85869	117	1
85932	53	0
85985	53	0
86038	58	0
86096	52	0
86148	52	0
86200	53	0
86253	61	0
86478	217	3
86531	52	0
86638	118	1
86701	53	0
86754	56	0
86810	53	0
86917	116	1
86979	57	0
87036	53	0
87257	222	3
87363	106	1
87470	116	1
87533	58	0
87591	59	0
87650	56	0
87706	55	0
87815	109	1
87870	62	0
87932	54	0
88094	162	2
88148	55	0
88203	55	0
88258	58	0
88421	159	2
88475	54	0
88529	53	0
88582	54	0
88636	54	0
88690	62	0
88752	53	0
88805	54	0
88912	106	1
88965	53	0
89018	52	0
89187	170	2
89240	53	0
89293	52	0
89345	53	0
89398	54	0
89452	65	0
89517	54	0
89571	54	0
89625	54	0
89679	54	0
89843	164	2
89897	65	0
89962	54	0
90230	268	4
90284	61	0
90345	54	0
90400	56	0
90456	54	0
90510	54	0
90564	54	0
90672	115	1
90733	53	0
90786	55	0
90841	53	0
90894	52	0
90946	52	0
90998	50	0
91099	101	1
91199	100	1
91249	52	0
91301	51	0
91404	102	1
91454	61	0
91515	50	0
91565	51	0
91616	50	0
91666	52	0
91718	50	0
91768	53	0
91821	58	0
91879	52	0
91982	102	1
92033	51	0
92084	52	0
92136	51	0
92187	57	0
92297	110	1
92354	51	0
92405	54	0
92459	53	0
92512	52	0
92564	51	0
92615	58	0
92673	51	0
92724	51	0
92879	155	2
92930	53	0
93044	113	1
93096	53	0
93149	52	0
93201	52	0
93253	51	0
93304	51	0
93355	58	0
93413	53	0
93466	52	0
93620	154	2
93672	52	0
93776	103	1
93827	52	0
93879	53	0
93932	52	0
93984	51	0
94035	51	0
94086	52	0
94138	56	0
94194	52	0
94246	55	0
94301	55	0
94356	53	0
94409	51	0
94460	52	0
94512	57	0
94569	52	0
94621	53	0
94777	156	2
94881	108	1
94938	52	0
94990	51	0
95041	52	0
95145	104	1
95197	54	0
95302	112	1
95363	52	0
95415	54	0
95576	159	2
95738	161	2
95790	54	0
95844	53	0
95897	52	0
95949	50	0
96052	111	1
96110	52	0
96162	52	0
96214	52	0
96266	51	0
96317	54	0
96371	52	0
96528	157	2
96580	53	0
96686	105	1
96738	52	0
96790	53	0
96843	60	0
96903	53	0
96956	53	0
97009	54	0
97063	53	0
97171	108	1
97224	59	0
97283	54	0
97337	52	0
97443	107	1
97496	54	0
97550	53	0
97662	112	1
97715	55	0
97824	107	1
97877	54	0
97931	54	0
97985	53	0
98038	62	0
98259	212	3
98312	54	0
98366	52	0
98481	115	1
98533	53	0
98639	105	1
98691	55	0
98746	53	0
98915	169	2
98968	53	0
99021	53	0
99074	52	0
99180	106	1
99232	53	0
99285	54	0
99339	52	0
99391	52	0
99496	105	1
99548	52	0
99600	60	0
99715	342	1
100002	356	0
100358	54	0
100412	53	0
100465	54	0
100519	61	0
100580	54	0
100634	54	0
100688	53	0
100741	55	0
100796	54	0
100850	55	0
100970	116	1
101021	55	0
101076	52	0
101128	52	0
101180	52	0
101232	52	0
101398	168	2
101452	50	0
101502	51	0
101553	51	0
101707	161	2
101765	52	0
101817	53	0
101870	56	0
101926	52	0
101978	52	0
102030	51	0
102081	58	0
102191	103	1
102242	52	0
102346	102	1
102396	52	0
102448	51	0
102499	52	0
102551	54	0
102605	52	0
102657	52	0
102709	52	0
102761	52	0
102813	54	0
102867	57	0
102976	104	1
103028	52	0
103080	51	0
103131	52	0
103183	52	0
103292	108	1
103343	56	0
103399	52	0
103451	51	0
103502	55	0
103609	117	1
103674	54	0
103728	54	0
103782	54	0
103836	55	0
103891	54	0
103998	108	1
104053	61	0
104114	56	0
104225	111	1
104281	54	0
104335	58	0
104448	117	1
104510	54	0
104564	54	0
104618	54	0
104672	53	0
104725	54	0
104779	55	0
104834	62	0
104896	54	0
104950	57	0
105007	54	0
105061	53	0
105221	162	2
105276	54	0
105330	54	0
105384	55	0
105439	56	0
105549	110	1
105605	53	0
105658	67	0
105779	107	1
105832	58	0
105890	54	0
105944	56	0
106000	51	0
106051	57	0
106212	156	2
106264	51	0
106368	105	1
106420	60	0
106480	54	0
106534	53	0
106587	52	0
106639	55	0
106694	53	0
106854	165	2
107018	158	2
107070	54	0
107176	105	1
107229	60	0
107342	106	1
107395	56	0
107505	108	1
107559	51	0
107610	63	0
107673	52	0
107776	103	1
107828	52	0
107880	52	0
107932	54	0
107986	53	0
108039	54	0
108093	53	0
108146	53	0
108199	53	0
108252	53	0
108305	52	0
108409	112	1
108469	53	0
108576	107	1
108629	55	0
108684	58	0
108742	53	0
108795	60	0
108855	52	0
108960	106	1
109013	53	0
109233	219	3
109285	53	0
109338	58	0
109396	55	0
109451	52	0
109503	53	0
109556	52	0
109608	62	0
109670	52	0
109722	53	0
109775	53	0
109828	53	0
109881	53	0
110100	220	3
110154	53	0
110207	53	0
110313	106	1
110366	61	0
110427	54	0
110536	107	1
110588	54	0
110642	53	0
110695	51	0
110746	52	0
110798	52	0
110850	55	0
110905	53	0
111068	161	2
111119	50	0
111169	58	0
111227	51	0
111278	54	0
111332	55	0
111387	53	0
111440	56	0
111496	55	0
111551	61	0
111666	108	1
111720	54	0
111774	54	0
111828	53	0
111935	116	1
112051	106	1
112103	54	0
112157	54	0
112211	55	0
112375	171	2
112437	53	0
112490	56	0
112600	107	1
112732	159	1
112927	169	2
112981	54	0
113089	107	1
113199	120	1
113262	54	0
113316	55	0
113424	107	1
113478	53	0
113531	54	0
113585	54	0
113692	108	1
113747	56	0
113803	53	0
113910	109	1
113965	54	0
114019	62	0
114081	54	0
114190	110	1
114245	55	0
114300	58	0
114412	117	1
114475	56	0
114531	53	0
114584	94	0
114678	58	0
114736	54	0
114790	57	0
114910	118	1
114965	53	0
115018	54	0
115072	52	0
115176	105	1
115229	53	0
115282	60	0
115342	52	0
115447	107	1
115553	105	1
115606	53	0
115721	117	1
115827	105	1
115881	54	0
115935	53	0
115988	53	0
116041	58	0
116099	52	0
116151	52	0
116203	52	0
116255	53	0
116308	57	0
116365	57	0
116422	53	0
116475	54	0
116529	53	0
116582	53	0
116635	52	0
116687	54	0
116741	53	0
116794	52	0
116958	167	2
117013	53	0
117066	54	0
117120	53	0
117226	112	1
117338	107	1
117392	54	0
117446	55	0
117501	53	0
117608	113	1
117667	53	0
117720	54	0
117774	53	0
117827	53	0
117933	106	1
117986	56	0
118042	60	0
118102	54	0
118156	52	0
118208	53	0
118261	52	0
118313	54	0
118420	112	1
118479	54	0
118585	105	1
118638	54	0
118692	53	0
118745	53	0
118857	112	1
118910	55	0
118965	54	0
119071	104	1
119176	107	1
119230	53	0
119283	52	0
119335	51	0
119386	52	0
119438	52	0
119490	56	0
119546	53	0
119599	60	0
119659	52	0
119711	52	0
119869	160	2
119923	57	0
119980	63	0
120043	54	0
120097	55	0
120152	54	0
120313	162	2
120368	59	0
120427	53	0
120480	53	0
120533	53	0
120586	54	0
120640	53	0
120745	105	1
120798	60	0
120858	52	0
120910	58	0
120968	53	0
121021	51	0
121072	59	0
121184	107	1
121238	51	0
121289	52	0
121341	51	0
121392	52	0
121444	52	0
121547	108	1
121604	53	0
121657	53	0
121761	103	1
121866	106	1
122022	156	2
122127	104	1
122179	52	0
122231	52	0
122335	110	1
122393	52	0
122496	102	1
122547	51	0
122598	60	0
122658	53	0
122711	59	0
122770	54	0
122824	52	0
122876	52	0
123031	154	2
123082	58	0
123140	53	0
123193	52	0
123245	53	0
123349	103	1
123401	52	0
123504	108	1
123613	104	1
123665	51	0
123819	154	2
123870	58	0
123928	51	0
123979	51	0
124083	104	1
124237	161	2
124295	60	0
124355	53	0
124408	55	0
124463	52	0
124567	106	1
124621	52	0
124673	52	0
124725	53	0
124778	52	0
124830	52	0
124882	54	0
124936	51	0
124987	52	0
125096	108	1
125147	54	0
125201	51	0
125252	50	0
125302	52	0
125354	51	0
125405	58	0
125463	53	0
125516	52	0
125568	52	0
125620	53	0
125673	52	0
125725	54	0
125779	58	0
125837	51	0
125888	56	0
125944	55	0
125999	52	0
126051	49	0
126100	51	0
126151	51	0
126202	56	0
126258	51	0
126309	51	0
126360	50	0
126461	103	1
126513	54	0
126567	58	0
126625	53	0
126678	53	0
126784	105	1
126836	53	0
126889	53	0
126942	60	0
127002	54	0
127056	52	0
127108	52	0
127160	54	0
127214	58	0
127272	53	0
127325	54	0
127379	53	0
127432	52	0
127537	105	1
127589	52	0
127641	53	0
127694	55	0
127749	61	0
127810	52	0
127862	53	0
127915	53	0
127968	53	0
128021	52	0
128073	53	0
128239	166	2
128292	52	0
128344	53	0
128397	53	0
128450	56	0
128506	58	0
128564	53	0
128617	52	0
128669	53	0
128722	54	0
128776	52	0
128828	54	0
128882	53	0
128935	60	0
129258	316	5
129311	68	0
129379	53	0
129432	53	0
129485	52	0
129537	53	0
129590	54	0
129644	53	0
129758	114	1
129811	53	0
129864	53	0
129917	53	0
129970	51	0
130021	52	0
130073	52	0
130125	53	0
130178	52	0
130230	54	0
130284	52	0
130336	53	0
130441	105	1
130494	59	0
130553	52	0
130605	52	0
130758	155	2
130812	55	0
130867	58	0
130925	51	0
130976	51	0
131027	52	0
131079	50	0
131129	53	0
131182	51	0
131233	56	0
131339	100	1
131389	51	0
131494	106	1
131546	52	0
131598	52	0
131650	58	0
131932	278	3
131986	53	0
132039	51	0
132090	57	0
132147	53	0
132200	53	0
132306	105	1
132358	51	0
132409	52	0
132461	59	0
132520	52	0
132572	52	0
132676	105	1
132781	105	1
132834	52	0
132886	53	0
132992	105	1
133044	54	0
133153	108	1
133206	52	0
133258	61	0
133319	53	0
133372	53	0
133425	53	0
133478	53	0
133531	53	0
133584	54	0
133638	60	0
133750	107	1
133805	51	0
133856	53	0
133909	53	0
133962	53	0
134015	59	0
134074	53	0
134127	54	0
134181	54	0
134235	54	0
134289	55	0
134344	53	0
134451	113	1
134510	53	0
134563	53	0
134616	54	0
134670	54	0
134724	53	0
134777	52	0
134829	62	0
134891	52	0
134996	108	1
135051	53	0
135104	56	0
135160	60	0
135331	163	2
135383	52	0
135488	106	1
135541	53	0
135594	53	0
135647	54	0
135701	52	0
135753	51	0
135804	55	0
135859	53	0
135912	53	0
135965	55	0
136020	59	0
136079	51	0
136130	54	0
136184	58	0
136242	52	0
136348	106	1
136400	59	0
136459	52	0
136511	53	0
136669	157	2
136721	54	0
136835	113	1
136942	107	1
136995	54	0
137049	58	0
137107	59	0
137166	52	0
137218	60	0
137278	53	0
137331	57	0
137388	53	0
137441	51	0
137492	52	0
137544	53	0
137597	68	0
137779	168	2
137886	106	1
137939	52	0
137991	61	0
138052	54	0
138106	52	0
138158	53	0
138211	52	0
138263	53	0
138316	54	0
138370	52	0
138422	53	0
138475	53	0
138528	52	0
138580	54	0
138634	54	0
138745	112	1
138800	61	0
138861	53	0
138966	104	1
139072	107	1
139125	54	0
139179	59	0
139291	107	1
139345	54	0
139399	53	0
139561	167	2
139619	52	0
139724	106	1
139777	52	0
139829	54	0
139883	52	0
139935	54	0
139989	59	0
140048	53	0
140155	105	1
140206	53	0
140259	53	0
140312	52	0
140364	59	0
140423	52	0
140475	54	0
140529	54	0
140583	53	0
140636	56	0
140692	54	0
140746	61	0
140807	52	0
140859	52	0
141018	159	2
141070	51	0
141121	51	0
141172	54	0
141226	52	0
141278	52	0
141330	53	0
141488	157	2
141540	60	0
141600	55	0
141655	54	0
141709	60	0
141769	53	0
141822	52	0
141874	53	0
142039	165	2
142092	52	0
142144	52	0
142302	166	2
142362	52	0
142466	104	1
142518	55	0
142573	52	0
142625	55	0
142680	54	0
142734	59	0
142846	107	1
142900	54	0
142954	53	0
143007	53	0
143060	53	0
143172	113	1
143226	53	0
143279	54	0
143333	54	0
143387	53	0
143440	52	0
143606	170	2
143662	53	0
143715	53	0
143768	54	0
143822	51	0
143873	54	0
143927	55	0
144034	105	1
144087	54	0
144141	52	0
144193	53	0
144246	52	0
144298	59	0
144357	53	0
144414	54	0
144468	53	0
144575	108	1
144629	56	0
144685	60	0
144745	52	0
144851	106	1
144903	53	0
144956	52	0
145008	53	0
145122	114	1
145281	158	2
145333	54	0
145387	54	0
145496	113	1
145554	53	0
145607	55	0
145662	54	0
145716	53	0
145769	53	0
145822	52	0
145874	61	0
145935	59	0
145994	52	0
146046	51	0
146097	52	0
146149	51	0
146415	269	4
146469	53	0
146522	53	0
146575	54	0
146686	109	1
146738	54	0
146792	52	0
146844	53	0
146897	52	0
146949	53	0
147002	54	0
147115	111	1
147167	53	0
147220	54	0
147274	55	0
147329	53	0
147382	52	0
147434	67	0
147501	55	0
147608	105	1
147661	53	0
147714	53	0
147767	53	0
147820	61	0
147881	53	0
147934	52	0
147986	52	0
148038	53	0
148250	219	3
148363	105	1
148576	214	3
148689	112	1
148741	53	0
148794	52	0
148846	53	0
148899	53	0
148952	52	0
149004	59	0
149063	53	0
149116	55	0
149171	53	0
149224	50	0
149274	51	0
149375	100	1
149425	53	0
149529	102	1
149580	50	0
149630	52	0
149682	52	0
149734	51	0
149843	109	1
149894	52	0
149946	52	0
149998	56	0
150054	53	0
150160	113	1
150220	51	0
150375	156	2
150427	53	0
150480	51	0
150531	55	0
150637	102	1
150688	54	0
150742	50	0
150792	56	0
150848	54	0
150902	52	0
151012	109	1
151063	52	0
151115	49	0
151164	50	0
151214	51	0
151265	51	0
151316	57	0
151424	102	1
151475	52	0
151527	51	0
151630	103	1
151681	57	0
151738	53	0
151791	51	0
151842	54	0
151896	53	0
151949	54	0
152056	106	1
152109	52	0
152161	54	0
152215	52	0
152267	53	0
152320	51	0
152371	50	0
152473	109	1
152530	51	0
152581	51	0
152632	52	0
152684	52	0
152736	53	0
152789	52	0
152841	57	0
152898	52	0
152950	288	0
153594	408	1
153698	104	1
153750	58	0
153808	51	0
153859	54	0
153913	51	0
153964	54	0
154071	104	1
154122	52	0
154174	57	0
154231	52	0
154334	104	1
154387	52	0
154439	53	0
154492	53	0
154606	116	1
154661	55	0
154716	53	0
154769	53	0
154822	53	0
154875	53	0
154928	59	0
155094	160	2
155147	54	0
155201	53	0
155306	104	1
155358	54	0
155412	54	0
155520	107	1
155573	53	0
155679	105	1
155731	62	0
155846	107	1
155900	52	0
155952	54	0
156058	103	1
156109	57	0
156166	52	0
156218	52	0
156325	108	1
156378	53	0
156431	53	0
156484	59	0
156543	52	0
156595	52	0
156700	106	1
156806	104	1
156857	53	0
156910	60	0
156970	55	0
157025	53	0
157078	52	0
157182	104	1
157234	53	0
157287	59	0
157346	54	0
157400	52	0
157505	106	1
157558	54	0
157612	53	0
157665	59	0
157724	53	0
157777	57	0
157890	107	1
157941	55	0
157996	54	0
158050	57	0
158107	54	0
158214	106	1
158267	55	0
158322	52	0
158374	53	0
158481	113	1
158540	54	0
158647	105	1
158699	55	0
158805	106	1
158860	60	0
158920	51	0
159024	106	1
159077	54	0
159131	53	0
159184	287	0
159471	356	0
159827	55	0
159882	54	0
159990	109	1
160045	54	0
160267	222	3
160321	52	0
160373	51	0
160424	52	0
160476	52	0
160528	52	0
160580	57	0
160637	53	0
160690	51	0
160741	53	0
160898	156	2
160950	58	0
161008	55	0
161169	160	2
161223	50	0
161325	103	1
161376	52	0
161428	54	0
161482	52	0
161534	52	0
161586	52	0
161638	52	0
161690	52	0
161742	58	0
161800	52	0
161852	51	0
161903	52	0
161955	52	0
162007	50	0
162057	53	0
162110	60	0
162170	52	0
162222	53	0
162275	54	0
162329	52	0
162381	53	0
162434	53	0
162487	61	0
162707	212	3
162760	53	0
162813	52	0
162865	53	0
162918	59	0
163032	107	1
163084	53	0
163192	107	1
163244	54	0
163298	60	0
163358	53	0
163464	109	1
163520	54	0
163574	56	0
163630	55	0
163685	59	0
163744	53	0
163797	52	0
163902	107	1
163956	52	0
164008	53	0
164115	107	1
164221	105	1
164273	54	0
164327	53	0
164380	53	0
164433	55	0
164488	59	0
164547	58	0
164605	53	0
164658	54	0
164712	52	0
164764	57	0
164821	53	0
164874	61	0
164935	56	0
164991	55	0
165046	52	0
165098	56	0
165154	54	0
165208	55	0
165380	169	2
165432	53	0
165485	53	0
165538	53	0
165645	108	1
165699	62	0
165761	53	0
165814	53	0
165867	56	0
165923	54	0
166032	110	1
166087	62	0
166149	53	0
166202	51	0
166253	54	0
166465	219	3
166526	54	0
166580	54	0
166634	52	0
166686	53	0
166739	53	0
166792	58	0
166850	53	0
166903	58	0
167015	108	1
167069	53	0
167175	106	1
167228	54	0
167282	62	0
167344	57	0
167454	105	1
167559	106	1
167612	55	0
167667	60	0
167727	53	0
167832	106	1
167886	53	0
167939	54	0
167993	54	0
168047	62	0
168109	53	0
168162	54	0
168216	54	0
168270	54	0
168324	53	0
168377	53	0
168430	56	0
168486	61	0
168601	112	1
168659	55	0
168714	53	0
168767	53	0
168874	116	1
168990	109	1
169101	111	1
169212	109	1
169265	61	0
169326	53	0
169433	107	1
169486	52	0
169538	55	0
169593	53	0
169700	111	1
169757	52	0
169809	54	0
169863	58	0
169921	54	0
169975	56	0
170031	54	0
170085	61	0
170146	53	0
170199	53	0
170252	53	0
170305	54	0
170359	52	0
170411	51	0
170462	59	0
170521	53	0
170574	53	0
170627	53	0
170680	54	0
170734	53	0
170787	53	0
170900	115	1
170955	52	0
171007	55	0
171115	105	1
171220	104	1
171271	61	0
171332	55	0
171387	51	0
171490	104	1
171542	52	0
171594	62	0
171656	60	0
171772	108	1
171824	54	0
171878	50	0
172038	169	2
172097	53	0
172150	53	0
172203	57	0
172260	54	0
172314	53	0
172367	52	0
172419	52	0
172471	56	0
172581	108	1
172635	54	0
172689	53	0
172742	53	0
172795	55	0
172963	168	2
173018	52	0
173175	157	2
173227	60	0
173287	52	0
173339	53	0
173499	161	2
173553	53	0
173606	60	0
173666	53	0
173719	53	0
173827	107	1
173879	54	0
173985	105	1
174038	61	0
174099	54	0
174153	53	0
174206	54	0
174260	53	0
174364	104	1
174476	112	1
174529	53	0
174582	62	0
174644	53	0
174697	54	0
174751	54	0
174805	63	0
174922	112	1
174980	53	0
175033	56	0
175089	53	0
175142	54	0
175196	54	0
175250	54	0
175304	54	0
175358	54	0
175466	108	1
175520	54	0
175574	54	0
175628	61	0
175689	53	0
175742	57	0
175856	113	1
175912	53	0
175965	55	0
176020	64	0
176084	55	0
176139	55	0
176194	53	0
176247	52	0
176299	53	0
176352	53	0
176405	59	0
176464	54	0
176518	54	0
176572	56	0
176628	53	0
176681	59	0
176740	51	0
176791	56	0
176909	116	1
176963	55	0
177018	55	0
177073	55	0
177128	59	0
177241	114	1
177301	57	0
177358	53	0
177699	646	1
178057	55	0
178112	52	0
178276	164	2
178328	53	0
178381	53	0
178434	53	0
178487	54	0
178541	54	0
178595	55	0
178650	53	0
178703	51	0
178754	84	0
179095	614	1
179452	52	0
179504	60	0
179564	54	0
179672	107	1
179777	105	1
179830	53	0
179883	61	0
179944	53	0
179997	53	0
180050	54	0
180104	54	0
180158	55	0
180213	53	0
180266	63	0
180329	53	0
180382	53	0
180435	54	0
180489	56	0
180545	55	0
180653	107	1
180707	61	0
180822	108	1
180876	53	0
180929	54	0
180983	55	0
181038	51	0
181089	57	0
181146	50	0
181196	50	0
181246	50	0
181296	52	0
181397	100	1
181448	58	0
181506	52	0
181558	51	0
181609	54	0
181715	103	1
181766	52	0
181818	287	0
182105	160	0
182265	99	0
182553	240	3
182604	51	0
182655	55	0
182710	46	0
182756	49	0
182805	51	0
182908	103	1
182959	50	0
183009	56	0
183065	45	0
183110	51	0
183161	52	0
183213	53	0
183266	50	0
183316	50	0
183366	55	0
183467	97	1
183518	52	0
183570	50	0
183620	52	0
183729	108	1
183780	56	0
183836	47	0
183883	52	0
183935	50	0
184036	102	1
184087	51	0
184138	57	0
184195	46	0
184241	51	0
184292	50	0
184342	51	0
184393	50	0
184443	52	0
184495	58	0
184553	46	0
184599	52	0
184651	50	0
184701	53	0
184754	51	0
184805	51	0
184906	103	1
184959	50	0
185063	105	1
185114	50	0
185164	51	0
185215	51	0
185266	58	0
185324	44	0
185368	52	0
185420	52	0
185472	51	0
185523	55	0
185578	57	0
185635	56	0
185691	46	0
185841	153	2
185890	51	0
185941	52	0
185993	60	0
186053	42	0
186095	51	0
186198	102	1
186301	103	1
186351	52	0
186403	56	0
186459	45	0
186556	104	1
186608	51	0
186710	103	1
186762	57	0
186819	46	0
186865	50	0
186915	59	0
186974	52	0
187026	58	0
187084	57	0
187199	102	1
187243	52	0
187295	52	0
187347	51	0
187398	51	0
187449	50	0
187499	53	0
187552	50	0
187602	50	0
187652	51	0
187703	55	0
187758	51	0
187859	101	1
187910	66	0
187976	43	0
188070	102	1
188121	50	0
188222	102	1
188273	60	0
188333	43	0
188376	50	0
188426	51	0
188527	103	1
188580	50	0
188630	59	0
188689	43	0
188732	50	0
188884	153	2
188935	51	0
188986	51	0
189037	59	0
189096	43	0
189139	50	0
189242	104	1
189293	50	0
189343	52	0
189395	60	0
189550	146	2
189601	50	0
189651	52	0
189703	50	0
189813	103	1
189856	52	0
190068	211	3
190119	52	0
190171	51	0
190846	677	1
190899	54	0
190953	54	0
191007	55	0
191062	55	0
191117	59	0
191176	51	0
191227	55	0
191282	52	0
191387	105	1
191439	50	0
191489	56	0
191595	102	1
191647	54	0
191701	52	0
191753	52	0
191805	51	0
191856	57	0
191913	52	0
191965	52	0
192017	51	0
192068	50	0
192118	51	0
192169	52	0
192221	52	0
192273	58	0
192331	53	0
192436	104	1
192488	51	0
192539	52	0
192591	51	0
192642	57	0
192753	106	1
192805	55	0
192860	55	0
192915	52	0
192967	51	0
193018	57	0
193127	103	1
193178	52	0
193230	53	0
193283	52	0
193335	52	0
193387	51	0
193490	103	1
193645	156	2
193697	51	0
193748	52	0
193800	58	0
193858	52	0
193910	52	0
194066	156	2
194118	52	0
194226	108	1
194278	52	0
194330	54	0
194384	52	0
194489	106	1
194542	62	0
194656	107	1
194711	53	0
194764	54	0
194818	52	0
194876	53	0
194929	52	0
195094	166	2
195147	54	0
195201	52	0
195253	55	0
195362	116	1
195424	52	0
195476	52	0
195528	54	0
195582	55	0
195637	53	0
195690	55	0
195745	60	0
195858	107	1
195912	52	0
195964	53	0
196017	55	0
196072	54	0
196126	54	0
196180	54	0
196234	57	0
196291	58	0
196349	58	0
196407	50	0
196457	52	0
196509	55	0
196564	60	0
196624	53	0
196677	61	0
196738	52	0
196790	52	0
196842	52	0
196946	111	1
197005	54	0
197059	58	0
197117	54	0
197171	53	0
197224	53	0
197277	54	0
197331	58	0
197389	54	0
197443	53	0
197496	53	0
197549	53	0
197714	400	2
198002	349	0
198351	55	0
198406	55	0
198461	52	0
198513	54	0
198567	52	0
198619	52	0
198731	113	1
198784	52	0
198836	52	0
198888	53	0
198941	52	0
198993	52	0
199045	59	0
199104	51	0
199155	53	0
199208	52	0
199311	105	1
199365	55	0
199420	52	0
199472	51	0
199574	103	1
199626	52	0
199678	52	0
199730	53	0
199783	52	0
199892	110	1
199945	50	0
199995	53	0
200099	102	1
200150	52	0
200202	56	0
200311	104	1
200362	51	0
200465	104	1
200517	55	0
200628	109	1
200681	52	0
200733	52	0
200785	60	0
200845	56	0
200901	54	0
200955	51	0
201006	80	0
201086	52	0
201190	102	1
201240	51	0
201291	52	0
201343	52	0
201450	106	1
201501	51	0
201552	52	0
201604	61	0
201665	52	0
201717	53	0
201770	58	0
201828	55	0
201883	52	0
201935	59	0
201994	58	0
202052	65	0
202117	58	0
202175	63	0
202238	53	0
202291	56	0
202347	77	0
202424	63	0
202487	80	0
202567	62	0
202687	134	1
202763	63	0
202826	52	0
202937	120	1
203121	187	2
203185	57	0
203242	73	0
203315	60	0
203375	64	0
203491	104	1
203543	58	0
203656	109	1
203764	105	1
203866	102	1
203917	52	0
204032	115	1
204084	52	0
204136	53	0
204189	52	0
204241	54	0
204346	112	1
204407	51	0
204510	102	1
204560	52	0
204664	104	1
204716	58	0
204774	53	0
204827	52	0
204931	104	1
204983	52	0
205140	158	2
205193	55	0
205248	51	0
205299	52	0
205351	51	0
205402	50	0
205452	51	0
205503	57	0
205560	53	0
205613	52	0
205665	54	0
205823	156	2
205875	57	0
205932	52	0
205984	54	0
206038	52	0
206142	102	1
206192	51	0
206243	56	0
206299	52	0
206351	49	0
206400	52	0
206452	51	0
206553	100	1
206603	51	0
206654	58	0
206712	53	0
206765	51	0
206816	52	0
206868	54	0
206922	51	0
206973	53	0
207026	58	0
207084	52	0
207136	52	0
207188	53	0
207241	53	0
207347	113	1
207407	57	0
207464	52	0
207516	53	0
207619	102	1
207724	104	1
207775	52	0
207827	55	0
207882	52	0
207986	104	1
208038	53	0
208091	52	0
208195	111	1
208254	54	0
208308	53	0
208361	54	0
208469	110	1
208525	55	0
208580	65	0
208645	54	0
208699	53	0
208752	54	0
208806	53	0
208859	53	0
208912	54	0
208966	62	0
209028	54	0
209255	227	3
209309	57	0
209366	54	0
209420	61	0
209481	54	0
209535	55	0
209590	53	0
209643	53	0
209750	107	1
209803	62	0
209865	52	0
209917	52	0
210133	219	3
210188	62	0
210250	55	0
210360	107	1
210466	110	1
210575	105	1
210733	159	2
210786	56	0
210842	54	0
210896	54	0
210950	54	0
211004	63	0
211120	107	1
211224	100	1
211274	51	0
211377	109	1
211434	51	0
211485	50	0
211535	50	0
211585	50	0
211635	50	0
211685	53	0
211795	108	1
211846	53	0
211899	51	0
212056	157	2
212107	53	0
212219	112	1
212272	52	0
212324	51	0
212375	52	0
212427	52	0
212479	51	0
212530	58	0
212588	52	0
212693	104	1
212744	54	0
212852	105	1
213012	162	2
213065	53	0
213118	53	0
213224	106	1
213277	51	0
213328	52	0
213435	105	1
213485	51	0
213536	51	0
213587	53	0
213640	53	0
213751	112	1
213805	54	0
213911	103	1
213962	53	0
214124	161	2
214176	53	0
214229	53	0
214282	50	0
214332	51	0
214383	52	0
214435	57	0
214492	52	0
214544	51	0
214595	50	0
214645	52	0
214697	52	0
214749	52	0
214801	52	0
214853	56	0
214909	52	0
214961	53	0
215014	52	0
215066	52	0
215169	102	1
215220	58	0
215278	53	0
215336	52	0
215388	54	0
215442	56	0
215498	52	0
215550	52	0
215602	57	0
215659	52	0
215711	52	0
215763	52	0
215815	53	0
215920	106	1
215974	51	0
216025	51	0
216076	54	0
216233	154	2
216334	101	1
216385	56	0
216441	52	0
216493	52	0
216596	101	1
216646	52	0
216698	52	0
216806	109	1
216859	52	0
216911	51	0
216962	51	0
217013	52	0
217065	51	0
217116	59	0
217175	52	0
217280	105	1
217332	52	0
217492	159	2
217600	109	1
217704	105	1
217757	51	0
217859	103	1
217911	58	0
218021	105	1
218126	104	1
218178	53	0
218231	51	0
218282	57	0
218339	51	0
218390	51	0
218441	51	0
218492	52	0
218544	52	0
218596	51	0
218647	54	0
218701	53	0
218859	159	2
218913	53	0
219018	105	1
219071	57	0
219128	58	0
219186	52	0
219238	52	0
219290	51	0
219341	51	0
220037	699	2
220091	52	0
220143	53	0
220196	54	0
220302	103	1
220464	162	2
220515	52	0
220567	51	0
220722	155	2
220838	116	1
220889	51	0
220940	53	0
220993	52	0
221045	51	0
221096	53	0
221149	57	0
221206	53	0
221259	51	0
221310	55	0
221365	51	0
221416	51	0
221467	52	0
221519	59	0
221578	53	0
221631	53	0
221684	53	0
221846	162	2
221950	103	1
222002	52	0
222054	54	0
222108	52	0
222160	53	0
222213	53	0
222266	52	0
222318	61	0
222379	52	0
222431	53	0
222484	53	0
222537	52	0
222589	53	0
222755	166	2
222808	53	0
222861	53	0
222914	65	0
222979	53	0
223032	53	0
223144	112	1
223197	53	0
223250	52	0
223302	52	0
223354	53	0
223407	53	0
223460	54	0
223514	60	0
223574	53	0
223627	52	0
223679	59	0
223738	53	0
223791	53	0
223844	54	0
223958	114	1
224012	53	0
224118	106	1
224171	53	0
224224	52	0
224337	115	1
224391	53	0
224444	56	0
224500	54	0
224610	109	1
224716	106	1
224821	105	1
224874	52	0
225030	161	2
225087	61	0
225148	53	0
225201	54	0
225255	53	0
225308	54	0
225362	52	0
225414	52	0
225634	221	3
225687	52	0
225739	53	0
225792	52	0
225844	60	0
226009	161	2
226116	104	1
226169	52	0
226221	52	0
226273	60	0
226333	53	0
226386	54	0
226440	51	0
226547	106	1
226597	53	0
226710	113	1
226763	52	0
226867	105	1
226920	55	0
226975	52	0
227027	63	0
227354	317	5
227459	106	1
227567	108	1
227621	52	0
227673	53	0
227726	52	0
227778	55	0
227895	115	1
227948	54	0
228002	52	0
228106	105	1
228159	53	0
228270	111	1
228323	55	0
228378	52	0
228483	106	1
228536	52	0
228588	60	0
228648	52	0
228700	53	0
228753	55	0
228808	53	0
228861	52	0
228966	106	1
229019	58	0
229077	53	0
229183	106	1
229236	52	0
229288	53	0
229341	53	0
229453	113	1
229507	54	0
229561	54	0
229615	52	0
229667	54	0
229773	111	1
229832	52	0
229884	52	0
229936	54	0
229990	53	0
230043	52	0
230095	53	0
230148	53	0
230201	56	0
230257	53	0
230310	53	0
230363	53	0
230522	159	2
230575	59	0
230687	105	1
230739	52	0
230844	107	1
230898	53	0
230951	59	0
231116	158	2
231168	52	0
231220	50	0
231321	110	1
231380	54	0
231434	50	0
231637	204	3
231688	51	0
231739	58	0
231797	52	0
231849	53	0
231902	52	0
231954	51	0
232005	52	0
232107	107	1
232164	55	0
232270	104	1
232323	51	0
232374	51	0
232425	53	0
232478	58	0
232536	53	0
232589	51	0
232640	52	0
232692	52	0
232744	59	0
232803	53	0
232856	52	0
232961	107	1
233015	54	0
233069	54	0
233123	54	0
233177	55	0
233232	54	0
233286	61	0
233402	108	1
233455	289	0
233744	357	0
234101	54	0
234155	54	0
234209	61	0
234270	54	0
234324	57	0
234381	53	0
234434	54	0
234488	55	0
234543	51	0
234594	58	0
234652	53	0
234705	53	0
234758	51	0
234860	104	1
234965	102	1
235015	58	0
235073	52	0
235125	52	0
235177	52	0
235229	51	0
235280	53	0
235333	51	0
235384	57	0
235441	54	0
235495	51	0
235700	206	3
235752	58	0
235810	51	0
235861	52	0
236123	262	4
236175	55	0
236230	53	0
236333	101	1
236486	153	2
236537	59	0
236596	53	0
236649	51	0
236700	52	0
236804	104	1
236856	51	0
236964	108	1
237015	52	0
237067	52	0
237170	102	1
237221	53	0
237274	57	0
237331	54	0
237385	51	0
237436	52	0
237488	52	0
237540	52	0
237592	54	0
237646	52	0
237756	112	1
237810	53	0
237915	103	1
237966	52	0
238018	52	0
238127	109	1
238179	51	0
238282	104	1
238385	101	1
238435	58	0
238544	103	1
238596	50	0
238646	52	0
238750	103	1
238855	107	1
239012	156	2
239116	104	1
239168	52	0
239276	107	1
239327	51	0
239378	51	0
239429	51	0
239480	51	0
239531	52	0
239640	109	1
239692	50	0
239742	53	0
239846	102	1
239897	50	0
240007	111	1
240058	50	0
240108	50	0
240158	59	0
240217	50	0
240267	52	0
240319	50	0
240369	58	0
240427	54	0
240481	52	0
240637	155	2
240688	51	0
240795	107	1
240846	52	0
240898	52	0
240950	52	0
241002	53	0
241055	52	0
241107	59	0
241166	51	0
241217	50	0
241267	50	0
241317	53	0
241370	51	0
241421	51	0
241472	52	0
241576	102	1
241626	53	0
241679	51	0
241730	50	0
241780	52	0
241832	53	0
241885	58	0
241995	106	1
242049	51	0
242100	52	0
242257	162	2
242314	57	0
242371	52	0
242423	53	0
242476	56	0
242582	102	1
242634	57	0
242691	52	0
242743	53	0
242847	105	1
243005	155	2
243056	57	0
243113	51	0
243164	55	0
243270	103	1
243373	102	1
243424	58	0
243482	53	0
243535	51	0
243693	161	2
243747	55	0
243802	61	0
243863	54	0
243917	52	0
243969	52	0
244127	160	2
244234	105	1
244286	54	0
244446	161	2
244501	54	0
244555	57	0
244612	58	0
244726	109	1
244779	53	0
244832	57	0
244964	129	1
245077	112	1
245130	55	0
245236	104	1
245398	167	2
245456	54	0
245510	55	0
245565	52	0
245723	158	2
245775	51	0
245826	60	0
245886	57	0
245943	53	0
245996	53	0
246049	54	0
246103	53	0
246269	166	2
246322	53	0
246375	63	0
246438	50	0
246488	53	0
246596	114	1
246655	52	0
246714	52	0
246766	53	0
246819	53	0
246872	52	0
246924	54	0
246978	54	0
247191	211	3
247243	53	0
247296	52	0
247400	113	1
247461	53	0
247514	56	0
247570	54	0
247624	52	0
247676	54	0
247730	54	0
247784	60	0
247844	56	0
247900	53	0
248007	108	1
248118	108	1
248174	59	0
248233	51	0
248339	108	1
248392	52	0
248550	159	2
248603	60	0
248716	106	1
248769	53	0
248822	88	0
248961	102	1
249072	112	1
249124	53	0
249177	53	0
249230	53	0
249283	55	0
249338	52	0
249448	109	1
249499	51	0
249550	52	0
249654	105	1
249707	51	0
249758	53	0
249811	53	0
249864	51	0
249915	51	0
249966	52	0
250018	51	0
250122	104	1
250173	58	0
250231	53	0
250284	52	0
250336	54	0
250390	52	0
250442	51	0
250493	52	0
250545	57	0
250602	51	0
250653	52	0
250756	102	1
250807	54	0
250861	52	0
250913	59	0
251023	104	1
251135	111	1
251187	54	0
251241	55	0
251296	52	0
251348	60	0
251408	52	0
251460	52	0
251512	53	0
251565	51	0
251616	52	0
251722	111	1
251779	54	0
251833	51	0
251884	54	0
251938	51	0
252039	102	1
252091	58	0
252158	51	0
252209	52	0
252261	54	0
252315	52	0
252367	53	0
252472	104	1
252524	54	0
252578	54	0
252632	51	0
252683	52	0
252735	52	0
252787	51	0
252838	53	0
252891	58	0
252949	54	0
253003	51	0
253054	52	0
253157	105	1
253211	51	0
253262	57	0
253319	57	0
253376	55	0
253431	54	0
253485	288	0
254121	394	1
254167	108	0
254275	88	0
254363	95	0
254458	93	0
254551	95	0
254646	95	0
254834	187	1
255031	145	1
255073	53	0
255126	51	0
255177	51	0
255228	52	0
255280	51	0
255331	57	0
255388	45	0
255433	51	0
255484	53	0
255590	106	1
255643	49	0
255692	58	0
255750	45	0
255795	52	0
255847	50	0
255897	56	0
255953	51	0
256004	50	0
256054	52	0
256106	53	0
256159	51	0
256210	50	0
256311	102	1
256362	48	0
256410	53	0
256463	57	0
256520	45	0
256565	51	0
256667	102	1
256718	51	0
256769	52	0
256821	56	0
256877	43	0
256920	56	0
257033	107	1
257083	51	0
257134	48	0
257182	58	0
257240	43	0
257283	51	0
257334	50	0
257536	204	3
257645	103	1
257691	51	0
257792	104	1
257846	51	0
257947	109	1
258051	102	1
258108	53	0
258161	51	0
258212	53	0
258265	52	0
258317	57	0
258374	46	0
258420	53	0
258473	51	0
258576	102	1
258626	52	0
258678	51	0
258729	51	0
258780	52	0
258832	53	0
258885	50	0
258935	52	0
258987	52	0
259090	110	1
259149	43	0
259192	49	0
259241	51	0
259292	52	0
259344	51	0
259395	52	0
259447	57	0
259504	47	0
259551	52	0
259603	51	0
259706	102	1
259756	51	0
259866	100	1
260009	154	2
260061	50	0
260111	52	0
260163	50	0
260213	60	0
260273	43	0
260316	51	0
260367	52	0
260419	51	0
260522	102	1
260572	60	0
260632	44	0
260727	103	1
260779	51	0
260830	50	0
260934	114	1
260994	47	0
261041	50	0
261091	52	0
261143	54	0
261246	100	1
261297	51	0
261397	101	1
261449	48	0
261497	53	0
261550	50	0
261600	50	0
261650	51	0
261710	47	0
261802	97	1
261854	50	0
261904	50	0
261954	53	0
262007	49	0
262056	57	0
262113	48	0
262161	49	0
262311	151	2
262361	54	0
262415	55	0
262470	45	0
262570	104	1
262721	153	2
262772	51	0
262823	57	0
262978	150	2
263030	50	0
263080	51	0
263131	51	0
263182	55	0
263237	46	0
263283	53	0
263336	53	0
263442	105	1
263494	51	0
263545	55	0
263600	45	0
263645	51	0
263696	54	0
263750	51	0
263801	49	0
263850	51	0
263901	50	0
263951	53	0
264004	50	0
264105	103	1
264260	158	2
264315	53	0
264412	97	1
264465	50	0
264567	102	1
264668	106	1
264820	147	2
264870	51	0
264921	51	0
264972	51	0
265023	58	0
265081	46	0
265127	51	0
265178	52	0
265281	101	1
265435	161	2
265492	46	0
265538	56	0
265594	50	0
265644	51	0
265695	53	0
265748	49	0
265797	61	0
265858	46	0
265904	49	0
265953	52	0
266053	102	1
266159	107	1
266214	43	0
266257	51	0
266308	52	0
266410	108	1
266517	100	1
266568	50	0
266618	49	0
266667	54	0
266721	53	0
266774	48	0
266822	52	0
266923	105	1
267027	98	1
267077	57	0
267134	51	0
267185	51	0
267236	51	0
267287	58	0
267345	46	0
267391	51	0
267492	106	1
267548	48	0
267596	52	0
267705	102	1
267750	51	0
267801	51	0
267852	51	0
267903	50	0
268005	104	1
268262	254	4
268311	49	0
268360	51	0
268411	56	0
268467	46	0
268523	41	0
268564	51	0
268615	53	0
268668	49	0
268768	107	1
268824	45	0
268869	50	0
268919	51	0
268970	51	0
269021	52	0
269073	56	0
269186	107	1
269236	52	0
269288	53	0
269341	49	0
269390	50	0
269497	111	1
269551	58	0
269609	44	0
269706	102	1
269755	52	0
269807	54	0
269861	47	0
269908	61	0
269969	43	0
270012	51	0
270063	51	0
270114	52	0
270166	50	0
270216	52	0
270268	55	0
270323	45	0
270368	51	0
270419	55	0
270474	50	0
270524	52	0
270576	62	0
270638	51	0
270747	103	1
270792	50	0
270842	52	0
270894	51	0
270945	51	0
270996	51	0
271047	58	0
271105	46	0
271151	52	0
271203	49	0
271252	53	0
271305	50	0
271355	50	0
271405	59	0
271509	94	1
271558	56	0
271614	51	0
271665	54	0
271719	51	0
271821	102	1
271872	50	0
271922	51	0
271973	54	0
272027	52	0
272079	50	0
272129	55	0
272285	149	2
272333	51	0
272384	52	0
272487	102	1
272596	101	1
272639	53	0
272692	49	0
272792	103	1
272844	53	0
272897	58	0
272955	43	0
272998	52	0
273050	52	0
273102	52	0
273154	51	0
273205	51	0
273309	108	1
273364	46	0
273410	51	0
273461	53	0
273514	52	0
273620	106	1
273672	57	0
273729	47	0
273826	100	1
273927	102	1
273978	60	0
274038	54	0
274092	50	0
274142	50	0
274192	55	0
274294	97	1
274344	50	0
274394	51	0
274445	55	0
274603	154	2
274706	104	1
274758	51	0
274809	58	0
274911	98	1
274965	60	0
275073	103	1
275128	49	0
275177	60	0
275237	43	0
275280	59	0
275340	49	0
275389	51	0
275440	54	0
275494	49	0
275543	60	0
275603	46	0
275649	53	0
275803	151	2
275853	51	0
275904	52	0
275956	59	0
276015	44	0
276059	50	0
276109	53	0
276212	104	1
276266	50	0
276419	154	2
276470	51	0
276521	49	0
276570	51	0
276621	51	0
276730	101	1
276773	53	0
276826	50	0
276876	50	0
276926	52	0
276978	51	0
277029	53	0
277082	51	0
277133	52	0
277235	104	1
277289	51	0
277391	105	1
277445	64	0
277509	44	0
277553	51	0
277660	113	1
277717	86	0
277803	53	0
277856	62	0
277918	44	0
277962	50	0
278012	52	0
278065	51	0
278116	50	0
278285	189	2
278355	58	0
278413	53	0
278466	51	0
278517	51	0
278568	51	0
278619	90	0
278813	156	2
278865	51	0
278916	50	0
279018	102	1
279068	60	0
279128	44	0
279227	151	1
279323	51	0
279480	165	2
279539	44	0
279634	103	1
279686	55	0
279741	641	0
280382	52	0
280486	105	1
280591	103	1
280695	106	1
280801	105	1
280911	109	1
280962	54	0
281016	55	0
281071	53	0
281124	55	0
281179	51	0
281230	59	0
281289	51	0
281340	54	0
281394	52	0
281446	53	0
281499	51	0
281550	50	0
281600	59	0
281659	51	0
281710	51	0
281761	53	0
281865	103	1
281917	52	0
282020	110	1
282079	51	0
282182	103	1
282233	52	0
282337	104	1
282389	58	0
282447	58	0
282505	57	0
282562	65	0
282627	86	0
282713	52	0
282765	51	0
282816	68	0
282884	56	0
283043	155	2
283095	52	0
283147	51	0
283259	114	1
283312	91	0
283403	51	0
283454	52	0
283566	105	1
283618	55	0
283673	59	0
283732	52	0
283784	52	0
283836	54	0
283890	53	0
283943	52	0
283995	74	0
284069	83	0
284152	113	0
284265	97	0
284362	53	0
284467	102	1
284517	51	0
284568	59	0
284627	53	0
284680	54	0
284734	51	0
284785	54	0
284890	105	1
284944	52	0
284996	57	0
285053	52	0
285105	50	0
285155	53	0
285208	53	0
285261	52	0
285366	113	1
285426	54	0
285480	60	0
285540	54	0
285594	53	0
285647	52	0
285699	56	0
285755	57	0
285812	51	0
285913	102	1
285965	55	0
286020	54	0
286074	55	0
286180	103	1
286291	104	1
286447	156	2
286611	167	2
286665	52	0
286717	52	0
286769	54	0
286823	60	0
286957	132	1
287015	52	0
287067	53	0
287120	53	0
287227	106	1
287279	52	0
287387	107	1
287438	53	0
287491	52	0
287543	51	0
287597	51	0
287648	52	0
287700	52	0
287752	60	0
287864	105	1
287917	52	0
287969	51	0
288020	55	0
288126	109	1
288184	52	0
288236	51	0
288287	52	0
288392	104	1
288443	53	0
288496	62	0
288828	625	1
289183	51	0
289286	106	1
289340	52	0
289392	54	0
289551	172	2
289618	55	0
289755	133	1
289806	57	0
289863	87	0
289950	51	0
290056	108	1
290109	66	0
290237	117	1
290292	58	0
290350	51	0
290401	51	0
290452	52	0
290504	51	0
290555	51	0
290658	112	1
290718	56	0
290877	156	2
290982	104	1
291034	53	0
291087	58	0
291145	52	0
291197	53	0
291250	54	0
291304	52	0
291356	53	0
291409	57	0
291525	116	1
291582	54	0
291636	50	0
291690	50	0
291740	53	0
291793	288	0
292081	342	0
292423	58	0
292481	51	0
292583	102	1
292688	108	1
292742	50	0
292845	106	1
292898	52	0
292950	54	0
293004	60	0
293118	115	1
293179	58	0
293237	52	0
293289	76	0
293365	52	0
293473	130	1
293601	117	1
293664	53	0
293717	110	0
293827	57	0
293884	54	0
293990	105	1
294043	73	0
294116	87	0
294203	61	0
294322	112	1
294376	302	0
294678	257	0
294935	119	0
295054	97	0
295151	48	0
295252	104	1
295303	53	0
295407	106	1
295462	55	0
295517	45	0
295562	52	0
295614	52	0
295666	51	0
295717	50	0
295767	53	0
295820	57	0
295877	46	0
295923	52	0
295975	50	0
296078	101	1
296126	51	0
296177	54	0
296231	49	0
296280	54	0
296334	49	0
296504	173	2
296556	51	0
296607	61	0
296668	56	0
296724	104	0
296828	67	0
296895	54	0
297064	177	2
297220	144	2
297270	50	0
297320	51	0
297371	51	0
297422	59	0
297481	45	0
297526	52	0
297578	50	0
297729	153	2
297781	54	0
297835	60	0
297938	93	1
298040	103	1
298091	49	0
298140	53	0
298193	71	0
298308	99	1
298363	52	0
298415	53	0
298468	51	0
298570	113	1
298678	98	1
298730	52	0
298782	51	0
298883	102	1
298935	51	0
299090	155	2
299141	52	0
299193	51	0
299244	52	0
299347	112	1
299408	43	0
299451	54	0
299557	104	1
299660	102	1
299711	59	0
299770	46	0
299816	51	0
299921	106	1
299978	50	0
