87	147	1
147	62	0
209	59	0
331	124	1
392	69	0
461	61	0
522	60	0
582	60	0
642	59	0
701	59	0
822	121	1
949	129	1
1010	64	0
1137	121	1
1195	61	0
1316	127	1
1383	59	0
1442	59	0
1561	119	1
1620	63	0
1743	130	1
1813	60	0
1873	62	0
1935	61	0
1996	62	0
2058	60	0
2118	62	0
2180	61	0
2241	60	0
2362	121	1
2422	60	0
2482	62	0
2695	220	2
2764	64	0
2828	59	0
2887	58	0
2945	60	0
3005	58	0
3063	67	0
3197	125	1
3255	59	0
3314	58	0
3441	127	1
3559	129	1
3691	122	1
3750	62	0
3812	62	0
3874	61	0
3998	121	1
4056	67	0
4183	120	1
4303	119	1
4362	60	0
4422	60	0
4482	73	0
4555	65	0
4620	60	0
4680	60	0
4800	120	1
4860	67	0
4995	128	1
5055	58	0
5113	58	0
5171	59	0
5230	61	0
5291	60	0
5351	59	0
5410	60	0
5470	58	0
5528	59	0
5587	59	0
5646	62	0
5708	60	0
5768	58	0
5826	76	0
5902	57	0
5959	59	0
6018	57	0
6075	56	0
6131	60	0
6191	58	0
6249	65	0
6370	114	1
6428	69	0
6497	58	0
6555	58	0
6613	58	0
6671	65	0
6736	58	0
6794	58	0
6852	59	0
6969	114	1
7025	58	0
7207	181	2
7264	57	0
7321	61	0
7382	59	0
7498	113	1
7554	63	0
7617	58	0
7675	58	0
7733	58	0
7791	58	0
7849	59	0
7966	121	1
8086	114	1
8143	58	0
8201	56	0
8257	59	0
8316	59	0
8375	59	0
8435	62	0
8497	58	0
8555	60	0
8615	58	0
8673	60	0
8796	123	1
8856	71	0
8927	58	0
8985	59	0
9103	118	1
9162	61	0
9346	180	2
9403	61	0
9464	58	0
9522	58	0
9580	58	0
9638	58	0
9696	66	0
9762	59	0
9821	63	0
9884	59	0
9943	58	0
10001	59	0
10306	305	4
10365	58	0
10423	59	0
10482	60	0
10542	58	0
10600	64	0
10664	61	0
10725	60	0
10785	59	0
10844	59	0
10903	63	0
10966	56	0
11089	126	1
11209	118	1
11266	60	0
11326	58	0
11441	117	1
11501	60	0
11619	118	1
11679	55	0
11734	58	0
11792	58	0
11910	125	1
11975	60	0
12035	58	0
12093	60	0
12213	120	1
12273	58	0
12331	67	0
12398	58	0
12456	58	0
12514	63	0
12577	61	0
12638	58	0
12821	181	2
12877	59	0
12936	56	0
12992	59	0
13051	59	0
13110	58	0
13168	59	0
13227	65	0
13292	58	0
13350	57	0
13407	60	0
13467	59	0
13526	57	0
13642	122	1
13764	116	1
13821	57	0
13878	57	0
13935	57	0
14051	122	1
14229	173	2
14343	112	1
14399	57	0
14456	56	0
14512	60	0
14572	58	0
14630	62	0
14692	63	0
14755	60	0
14815	58	0
14873	59	0
14932	62	0
14994	58	0
15052	57	0
15109	55	0
15164	58	0
15222	59	0
15281	57	0
15338	62	0
15400	58	0
15458	57	0
15515	58	0
15573	58	0
15688	116	1
15747	62	0
15809	59	0
15868	56	0
15924	59	0
15983	58	0
16099	115	1
16215	136	1
16292	59	0
16351	59	0
16410	59	0
16469	64	0
16592	119	1
16652	67	0
16778	118	1
16837	59	0
16896	63	0
16959	60	0
17019	61	0
17080	67	0
17147	60	0
17207	59	0
17266	65	0
17331	61	0
17392	61	0
17515	125	1
17636	117	1
17755	120	1
17874	117	1
17932	57	0
17989	66	0
18055	58	0
18113	66	0
18237	120	1
18358	118	1
18417	68	0
18485	59	0
18663	179	2
18723	60	0
18783	58	0
18907	126	1
18967	61	0
19147	178	2
19206	59	0
19265	59	0
19324	66	0
19390	59	0
19449	59	0
19508	61	0
19569	57	0
19626	61	0
19748	129	1
19816	60	0
19876	60	0
19936	60	0
19996	61	0
20057	61	0
20118	59	0
20177	68	0
20309	123	1
20368	57	0
20485	120	1
20545	60	0
20605	57	0
20662	60	0
20722	60	0
20782	59	0
20841	60	0
20901	60	0
20961	60	0
21080	129	1
21150	59	0
21269	119	1
21388	121	1
21509	126	1
21575	61	0
21636	61	0
21697	60	0
21817	121	1
21878	57	0
21935	64	0
21999	60	0
22116	114	1
22173	57	0
22345	173	2
22403	64	0
22467	58	0
22525	59	0
22584	58	0
22642	56	0
22754	115	1
22813	62	0
22990	172	2
23047	56	0
23103	56	0
23159	57	0
23216	64	0
23339	117	1
23397	60	0
23457	57	0
23514	59	0
23573	59	0
23632	58	0
23690	59	0
23749	57	0
23806	60	0
23866	58	0
23924	58	0
23982	59	0
24041	59	0
24163	120	1
24220	58	0
24394	172	2
24450	57	0
24507	66	0
24688	173	2
24746	62	0
24864	113	1
24982	116	1
25037	59	0
25096	57	0
25153	58	0
25211	59	0
25270	58	0
25328	56	0
25384	61	0
25506	116	1
25561	60	0
25621	58	0
25679	58	0
25737	58	0
25916	177	2
25972	59	0
26031	59	0
26090	56	0
26146	58	0
26268	120	1
26324	57	0
26381	60	0
26441	57	0
26498	58	0
26556	57	0
26613	58	0
26671	58	0
26729	62	0
26791	59	0
26850	59	0
26909	59	0
26968	58	0
27026	58	0
27149	123	1
27207	58	0
27265	57	0
27440	175	2
27497	63	0
27560	60	0
27620	57	0
27677	56	0
27794	121	1
27854	58	0
27912	61	0
27973	58	0
28031	57	0
28088	57	0
28145	57	0
28202	56	0
28258	56	0
28314	61	0
28497	179	2
28670	173	2
28727	59	0
28786	63	0
28849	58	0
28907	56	0
28963	58	0
29021	58	0
29079	56	0
29135	58	0
29193	63	0
29256	56	0
29369	115	1
29427	57	0
29484	57	0
29602	117	1
29717	118	1
29776	57	0
29833	58	0
29891	59	0
29950	61	0
30011	57	0
30068	64	0
30132	57	0
30189	58	0
30360	172	2
30477	123	1
30542	60	0
30602	58	0
30660	62	0
30722	60	0
30782	56	0
30838	58	0
30896	64	0
30960	57	0
31017	59	0
31076	61	0
31137	57	0
31194	60	0
31313	114	1
31368	63	0
31488	118	1
31665	173	2
31843	177	2
31899	57	0
31956	58	0
32072	117	1
32131	57	0
32188	63	0
32251	59	0
32310	56	0
32366	57	0
32423	58	0
32537	114	1
32595	57	0
32652	60	0
32768	116	1
32885	116	1
32944	57	0
33001	56	0
33128	127	1
33184	55	0
33239	60	0
33357	114	1
33413	56	0
33469	64	0
33533	59	0
33592	60	0
33769	174	2
33826	58	0
33884	63	0
34005	116	1
34063	57	0
34120	59	0
34179	58	0
34237	59	0
34355	123	1
34419	55	0
34530	114	1
34588	58	0
34646	57	0
34703	57	0
34760	65	0
34825	59	0
34943	119	1
35003	62	0
35065	57	0
35122	58	0
35180	60	0
35240	57	0
35297	57	0
35354	58	0
35412	57	0
35469	63	0
35532	57	0
35589	56	0
35645	58	0
35703	57	0
35760	58	0
35818	57	0
35875	57	0
35932	58	0
35990	56	0
36046	66	0
36112	58	0
36170	62	0
36232	60	0
36350	115	1
36407	56	0
36463	65	0
36528	57	0
36643	117	1
36702	58	0
36760	57	0
36875	121	1
36938	58	0
36996	57	0
37053	57	0
37186	135	1
37304	115	1
37424	121	1
37481	58	0
37539	57	0
37596	61	0
37657	57	0
37714	57	0
37771	65	0
37836	59	0
37895	56	0
37951	57	0
38008	57	0
38065	63	0
38128	57	0
38185	64	0
38249	57	0
38306	57	0
38420	118	1
38481	58	0
38539	59	0
38598	59	0
38657	59	0
38716	60	0
38776	60	0
38836	59	0
38895	61	0
38956	58	0
39014	58	0
39072	65	0
39137	60	0
39197	58	0
39255	57	0
39312	61	0
39373	60	0
39433	59	0
39492	65	0
39614	114	1
39788	176	2
39847	57	0
39904	67	0
39971	58	0
40029	66	0
40154	117	1
40212	59	0
40271	57	0
40328	61	0
40389	65	0
40454	59	0
40572	118	1
40631	60	0
40691	61	0
40752	58	0
40811	64	0
40875	58	0
40933	60	0
40993	56	0
41049	59	0
41108	60	0
41168	58	0
41226	64	0
41350	118	1
41408	61	0
41469	56	0
41525	58	0
41583	57	0
41640	59	0
41699	63	0
41762	60	0
41880	118	1
41940	58	0
42056	116	1
42181	127	1
42301	118	1
42359	59	0
42418	59	0
42535	125	1
42602	58	0
42660	58	0
42718	58	0
42776	58	0
42834	60	0
42894	57	0
42951	65	0
43016	58	0
43074	59	0
43133	58	0
43191	57	0
43248	59	0
43365	119	1
43426	64	0
43490	58	0
43548	57	0
43605	61	0
43666	58	0
43724	59	0
43783	59	0
43842	69	0
43911	60	0
44090	182	2
44153	59	0
44212	59	0
44271	70	0
44402	120	1
44461	57	0
44518	66	0
44643	117	1
44701	58	0
44818	116	1
44875	59	0
44934	60	0
44994	59	0
45120	128	1
45181	67	0
45248	61	0
45309	57	0
45366	60	0
45426	60	0
45486	61	0
45547	59	0
45606	67	0
45673	60	0
45792	116	1
45849	60	0
45909	58	0
45967	60	0
46027	70	0
46156	118	1
46215	61	0
46276	63	0
46339	64	0
46524	188	2
46591	58	0
46649	59	0
46708	61	0
46769	62	0
46831	59	0
46950	129	1
47080	123	1
47142	62	0
47204	60	0
47264	59	0
47381	125	1
47448	59	0
47567	120	1
47627	59	0
47686	60	0
47746	61	0
47807	58	0
47865	61	0
47926	61	0
47987	59	0
48046	61	0
48107	60	0
48225	120	1
48287	66	0
48414	120	1
48473	60	0
48533	58	0
48591	60	0
48651	59	0
48710	68	0
48897	179	2
49016	116	1
49073	61	0
49134	67	0
49201	56	0
49257	59	0
49316	59	0
49375	55	0
49430	60	0
49490	59	0
49549	59	0
49608	64	0
49672	56	0
49795	123	1
49851	59	0
49910	57	0
49967	57	0
50024	63	0
50087	58	0
50145	58	0
50203	58	0
50261	61	0
50322	57	0
50497	174	2
50553	59	0
50612	59	0
50671	63	0
50734	64	0
50798	56	0
50854	59	0
50913	58	0
50971	86	0
51057	56	0
51172	118	1
51349	182	2
51413	56	0
51469	61	0
51530	57	0
51587	57	0
51702	115	1
51759	64	0
51823	58	0
51881	57	0
51938	58	0
51996	57	0
52053	57	0
52110	57	0
52167	64	0
52289	117	1
52348	56	0
52404	57	0
52575	174	2
52635	66	0
52701	56	0
52757	64	0
52821	58	0
52938	115	1
52994	56	0
53111	117	1
53167	59	0
53226	57	0
53283	57	0
53340	55	0
53453	121	1
53516	61	0
53577	57	0
53634	57	0
53691	57	0
53806	117	1
53865	59	0
53924	58	0
53982	58	0
54040	58	0
54098	57	0
54155	59	0
54214	60	0
54274	59	0
54396	121	1
54454	62	0
54576	118	1
54634	58	0
54692	57	0
54749	63	0
54812	56	0
54925	114	1
54982	57	0
55039	60	0
55099	56	0
55155	65	0
55278	117	1
55337	57	0
55394	56	0
55450	59	0
55509	58	0
55567	57	0
55624	64	0
55688	60	0
55748	58	0
55864	115	1
55921	57	0
55978	57	0
56035	62	0
56097	57	0
56154	56	0
56330	175	2
56385	59	0
56508	124	1
56626	117	1
56685	57	0
56742	59	0
56801	57	0
56858	58	0
56916	62	0
56978	61	0
57039	59	0
57155	116	1
57214	59	0
57273	62	0
57335	64	0
57457	116	1
57515	57	0
57572	57	0
57629	60	0
57689	61	0
57750	65	0
57815	61	0
57876	59	0
57991	113	1
58224	234	3
58282	57	0
58339	56	0
58395	57	0
58452	56	0
58508	57	0
58565	59	0
58689	122	1
58746	60	0
58864	116	1
58922	58	0
58980	57	0
59037	63	0
59160	118	1
59332	170	2
59444	119	1
59507	57	0
59564	597	0
60161	59	0
60220	56	0
60395	174	2
60450	57	0
60507	58	0
60565	57	0
60622	61	0
60683	57	0
60740	57	0
60797	59	0
60856	65	0
60978	118	1
61096	114	1
61153	60	0
61213	61	0
61274	67	0
61341	60	0
61460	116	1
61517	61	0
61578	57	0
61635	56	0
61691	63	0
61754	57	0
61811	57	0
61868	57	0
61925	60	0
61985	56	0
62041	59	0
62100	59	0
62159	65	0
62224	59	0
62283	60	0
62401	117	1
62460	59	0
62519	57	0
62576	64	0
62697	115	1
62755	59	0
62814	56	0
62870	57	0
62927	56	0
62983	67	0
63050	58	0
63108	58	0
63166	56	0
63222	60	0
63282	61	0
63343	59	0
63461	119	1
63521	59	0
63580	60	0
63640	59	0
63699	59	0
63758	62	0
63880	128	1
63948	62	0
64069	118	1
64250	187	2
64442	185	2
64561	121	1
64621	59	0
64741	130	1
64810	61	0
64871	62	0
64994	122	1
65055	60	0
65115	60	0
65175	59	0
65234	69	0
65365	120	1
65423	59	0
65482	59	0
65599	120	1
65661	65	0
65726	60	0
65844	120	1
65906	59	0
66097	199	2
66164	63	0
66227	58	0
66342	116	1
66401	60	0
66580	187	2
66648	60	0
66708	69	0
66777	59	0
66836	59	0
66895	80	0
66975	59	0
67034	69	0
67161	116	1
67282	120	1
67339	59	0
67398	60	0
67458	68	0
67588	121	1
67647	61	0
67708	58	0
67766	59	0
67825	77	0
67969	124	1
68026	57	0
68257	234	3
68317	59	0
68376	63	0
68439	57	0
68496	62	0
68558	126	0
68684	59	0
68801	116	1
68859	64	0
68923	58	0
68981	56	0
69037	59	0
69155	117	1
69213	62	0
69275	67	0
69342	61	0
69403	58	0
69461	58	0
69519	57	0
69696	181	2
69757	60	0
69817	58	0
69875	59	0
69934	57	0
69991	81	0
70201	193	2
70265	57	0
70392	131	1
70453	59	0
70630	183	2
70695	59	0
70754	60	0
70814	57	0
70871	59	0
70930	56	0
70986	57	0
71043	64	0
71166	116	1
71281	115	1
71338	58	0
71396	57	0
71453	60	0
71513	63	0
71633	115	1
71691	59	0
71750	62	0
71869	122	1
71934	64	0
71998	59	0
72057	60	0
72117	58	0
72236	123	1
72423	184	2
72482	60	0
72542	65	0
72607	58	0
72665	58	0
72723	60	0
72783	58	0
72841	57	0
72898	59	0
72957	58	0
73015	58	0
73073	57	0
73130	61	0
73191	59	0
73250	66	0
73316	58	0
73486	169	2
73543	56	0
73599	56	0
73655	61	0
73775	115	1
73831	57	0
73888	56	0
73944	56	0
74000	643	0
74643	63	0
74765	115	1
74821	58	0
74938	117	1
74996	56	0
75052	56	0
75108	63	0
75171	56	0
75227	62	0
75347	115	1
75404	74	0
75478	59	0
75537	62	0
75599	56	0
75655	58	0
75769	115	1
75828	56	0
75884	56	0
75940	64	0
76004	57	0
76061	58	0
76119	58	0
76177	62	0
76239	56	0
76295	58	0
76353	71	0
76424	57	0
76481	57	0
76538	56	0
76594	57	0
76710	118	1
76769	105	0
76874	78	0
77012	117	1
77130	118	1
77187	58	0
77245	57	0
77302	68	0
77370	58	0
77544	173	2
77601	57	0
77658	57	0
77715	64	0
78283	560	2
78339	59	0
78398	57	0
78455	56	0
78511	58	0
78569	62	0
78631	58	0
78689	56	0
78803	114	1
78859	63	0
78922	59	0
78981	69	0
79050	59	0
79166	115	1
79224	60	0
79342	116	1
79469	125	1
79525	56	0
79581	74	0
79655	59	0
79773	127	1
79841	58	0
79899	59	0
79958	60	0
80018	57	0
80196	181	2
80256	59	0
80315	65	0
80380	59	0
80439	58	0
80497	60	0
80557	60	0
80617	64	0
80681	60	0
80741	71	0
80882	132	1
80944	61	0
81005	58	0
81063	63	0
81126	62	0
81188	68	0
81256	59	0
81374	118	1
81433	62	0
81495	61	0
81556	59	0
81615	60	0
81675	68	0
81743	63	0
81806	60	0
81866	58	0
81924	59	0
81983	59	0
82042	58	0
82100	68	0
82168	60	0
82228	63	0
82291	59	0
82350	59	0
82409	61	0
82470	59	0
82596	138	1
82667	64	0
82731	62	0
82793	57	0
82850	87	0
83765	891	4
83890	119	1
83947	60	0
84007	60	0
84067	66	0
84133	58	0
84191	59	0
84250	60	0
84310	59	0
84369	67	0
84436	61	0
84497	83	0
84580	71	0
84651	60	0
84711	61	0
84772	59	0
84831	63	0
84894	61	0
84955	70	0
85025	59	0
85084	57	0
85200	118	1
85259	60	0
85319	58	0
85438	128	1
85505	61	0
85626	118	1
85684	57	0
85741	60	0
85801	59	0
85860	66	0
86050	186	2
86290	240	3
86352	56	0
86408	57	0
86465	56	0
86521	59	0
86580	58	0
86638	57	0
86695	62	0
86757	58	0
86872	114	1
87000	128	1
87057	58	0
87174	122	1
87237	59	0
87296	60	0
87356	58	0
87414	57	0
87471	63	0
87534	62	0
87596	65	0
87661	56	0
87717	58	0
87775	59	0
87890	113	1
88003	122	1
88069	57	0
88182	113	1
88239	61	0
88300	57	0
88357	59	0
88416	59	0
88475	60	0
88535	56	0
88647	115	1
88706	56	0
88762	60	0
89059	292	4
89114	59	0
89235	123	1
89296	63	0
89359	57	0
89416	58	0
89474	57	0
89589	115	1
89646	58	0
89704	61	0
89765	59	0
89824	55	0
89879	59	0
89994	116	1
90054	55	0
90109	56	0
90343	235	3
90400	58	0
90458	57	0
90515	58	0
90637	121	1
90812	177	2
90871	59	0
91050	180	2
91167	115	1
91225	60	0
91285	60	0
91345	59	0
91461	121	1
91525	58	0
91583	60	0
91643	58	0
91701	59	0
91760	58	0
91875	121	1
91939	60	0
91999	61	0
92060	60	0
92120	59	0
92179	81	0
92260	58	0
92318	64	0
92382	58	0
92440	62	0
92502	58	0
92747	245	2
92805	57	0
92920	114	1
92976	57	0
93033	56	0
93089	61	0
93150	55	0
93205	58	0
93263	63	0
93326	58	0
93384	58	0
93442	57	0
93499	56	0
93555	56	0
93611	56	0
93731	122	1
93789	57	0
93846	63	0
93909	60	0
94155	243	3
94212	59	0
94271	58	0
94329	57	0
94386	59	0
94445	59	0
94504	60	0
94628	123	1
94687	60	0
94747	64	0
94811	58	0
94869	57	0
94926	61	0
94987	65	0
95052	56	0
95108	58	0
95284	175	2
95341	58	0
95399	64	0
95463	59	0
95522	60	0
95582	57	0
95639	58	0
95697	58	0
95815	118	1
95873	58	0
95931	58	0
96046	114	1
96103	58	0
96161	57	0
96275	121	1
96339	57	0
96396	57	0
96453	57	0
96510	59	0
96569	57	0
96626	56	0
96747	127	1
96809	57	0
96866	56	0
96922	58	0
97036	112	1
97092	63	0
97155	56	0
97211	58	0
97327	116	1
97385	59	0
97502	116	1
97560	69	0
97629	59	0
97688	57	0
97745	57	0
97802	56	0
97858	57	0
97915	113	0
98028	61	0
98089	57	0
98146	57	0
98203	60	0
98263	58	0
98379	117	1
98438	61	0
98561	118	1
98617	57	0
98730	116	1
98790	55	0
98845	60	0
98905	58	0
98963	57	0
99020	62	0
99082	57	0
99139	60	0
99199	66	0
99265	56	0
99321	63	0
99384	57	0
99614	229	3
99670	57	0
99727	63	0
99790	56	0
99846	61	0
99907	58	0
99965	58	0
100023	59	0
100082	58	0
100140	66	0
100206	56	0
100262	63	0
100383	118	1
100443	59	0
100502	59	0
100561	58	0
100683	121	1
100740	58	0
100798	57	0
100855	59	0
100972	119	1
101033	65	0
101219	178	2
101276	60	0
101336	59	0
101395	59	0
101454	65	0
101519	58	0
101634	115	1
101692	59	0
101751	93	0
101844	56	0
101962	121	1
102021	58	0
102079	58	0
102137	59	0
102196	62	0
102258	59	0
102317	57	0
102374	65	0
102439	59	0
102498	58	0
102672	174	2
102730	59	0
102855	125	1
102914	60	0
102974	56	0
103087	115	1
103145	58	0
103203	67	0
103270	62	0
103332	57	0
103389	57	0
103446	58	0
103504	67	0
103571	60	0
103631	60	0
103691	67	0
103758	59	0
103817	60	0
103936	118	1
103995	58	0
104053	58	0
104111	65	0
104176	60	0
104236	67	0
104303	57	0
104360	61	0
104421	60	0
104481	59	0
104605	124	1
104664	58	0
104722	58	0
104903	184	2
104964	60	0
105024	58	0
105082	58	0
105140	60	0
105200	58	0
105258	63	0
105378	116	1
105437	62	0
105499	59	0
105558	63	0
105741	180	2
105801	59	0
105860	65	0
105925	63	0
105988	59	0
106105	115	1
106162	60	0
106280	123	1
106345	59	0
106404	59	0
106463	57	0
106578	118	1
106638	58	0
106696	59	0
106821	125	1
106880	58	0
106938	59	0
107056	117	1
107114	646	0
107826	125	1
107885	58	0
107943	59	0
108002	58	0
108060	58	0
108118	59	0
108177	66	0
108243	60	0
108362	117	1
108420	61	0
108481	58	0
108539	59	0
108655	113	1
108711	60	0
108829	116	1
108887	59	0
108946	60	0
109006	60	0
109196	188	2
109254	59	0
109313	59	0
109372	59	0
109431	57	0
109552	124	1
109612	58	0
109670	58	0
109842	171	2
109899	62	0
109961	58	0
110019	58	0
110134	113	1
110246	113	1
110303	60	0
110363	61	0
110424	57	0
110481	60	0
110541	59	0
110600	58	0
110658	63	0
110721	61	0
110782	62	0
110844	58	0
110902	60	0
110962	58	0
111020	57	0
111077	59	0
111136	57	0
111193	69	0
111262	58	0
111320	56	0
111376	57	0
111433	58	0
111548	114	1
111662	116	1
111721	59	0
111780	57	0
111837	59	0
111896	58	0
111954	57	0
112011	58	0
112069	63	0
112132	61	0
112193	57	0
112250	58	0
112308	56	0
112364	75	0
112439	57	0
112496	64	0
112560	57	0
112617	58	0
112675	61	0
112736	58	0
112794	57	0
112908	120	1
113028	113	1
113140	113	1
113311	171	2
113368	62	0
113430	57	0
113604	175	2
113662	57	0
113774	119	1
113838	57	0
113895	57	0
114126	232	3
114184	65	0
114249	58	0
114307	57	0
114364	66	0
114430	58	0
114488	59	0
114547	59	0
114606	58	0
114664	60	0
114724	61	0
114785	58	0
114902	117	1
114960	58	0
115018	57	0
115075	65	0
115140	63	0
115203	60	0
115263	59	0
115322	62	0
115384	58	0
115442	58	0
115564	121	1
115621	58	0
115679	58	0
115737	62	0
115799	61	0
115860	58	0
115918	67	0
116101	175	2
116160	59	0
116278	118	1
116394	120	1
116457	58	0
116515	60	0
116575	58	0
116691	119	1
116752	62	0
116814	65	0
116879	60	0
116998	117	1
117115	117	1
117173	61	0
117234	67	0
117360	117	1
117418	58	0
117476	58	0
117534	59	0
117593	59	0
117652	60	0
117712	57	0
117769	59	0
117828	59	0
117949	120	1
118007	58	0
118122	125	1
118190	57	0
118247	59	0
118306	58	0
118364	56	0
118420	56	0
118476	59	0
118535	67	0
118602	58	0
118660	59	0
118719	57	0
118776	57	0
118833	56	0
118889	59	0
118948	62	0
119010	59	0
119069	57	0
119126	57	0
119183	59	0
119242	57	0
119299	60	0
119417	120	1
119537	116	1
119595	58	0
119653	58	0
119711	58	0
119826	710	1
120479	56	0
120535	58	0
120593	58	0
120651	56	0
120707	58	0
120822	120	1
120942	114	1
120999	57	0
121056	57	0
121113	649	0
121941	236	3
121998	59	0
122057	58	0
122232	177	2
122292	63	0
122355	58	0
122471	119	1
122532	58	0
122590	58	0
122648	61	0
122709	66	0
122775	65	0
122840	56	0
122896	56	0
122952	58	0
123010	56	0
123066	58	0
123124	62	0
123186	57	0
123243	58	0
123359	115	1
123416	61	0
123534	117	1
123594	63	0
123657	58	0
123715	59	0
123774	59	0
123833	58	0
123891	58	0
123949	59	0
124071	123	1
124131	58	0
124189	57	0
124304	114	1
124360	58	0
124418	66	0
124715	291	4
124775	60	0
124835	57	0
124892	61	0
125013	121	1
125074	57	0
125131	57	0
125188	57	0
125245	57	0
125302	64	0
125366	59	0
125425	64	0
125546	115	1
125604	62	0
125666	58	0
125842	176	2
125900	61	0
126017	113	1
126074	58	0
126132	63	0
126195	61	0
126256	58	0
126314	56	0
126429	116	1
126486	58	0
126544	57	0
126601	64	0
126665	57	0
126783	116	1
126902	122	1
126960	60	0
127020	63	0
127083	57	0
127140	58	0
127255	115	1
127430	183	2
127553	117	1
127613	58	0
127671	57	0
127728	58	0
127786	59	0
127845	57	0
127902	57	0
128017	118	1
128077	60	0
128137	58	0
128195	59	0
128254	58	0
128312	66	0
128378	61	0
128439	59	0
128498	58	0
128556	63	0
128619	59	0
128738	128	1
128865	119	1
128984	119	1
129044	60	0
129104	60	0
129164	68	0
129232	62	0
129294	58	0
129418	135	1
129548	121	1
129608	61	0
129736	125	1
129794	57	0
129851	60	0
129911	124	0
130096	121	1
130156	68	0
130224	59	0
130283	62	0
130402	123	1
130468	58	0
130584	124	1
130650	63	0
130713	58	0
130771	64	0
130835	583	0
131475	126	1
131544	63	0
131607	69	0
131676	97	0
131889	207	1
131980	56	0
132036	60	0
132096	117	0
132213	66	0
132279	60	0
132339	56	0
132395	57	0
132452	58	0
132701	250	3
132760	60	0
132820	69	0
132889	60	0
132949	62	0
133011	65	0
133076	64	0
133140	57	0
133197	60	0
133257	58	0
133315	57	0
133372	57	0
133429	58	0
133487	57	0
133544	66	0
133610	63	0
133673	57	0
133793	120	1
133850	57	0
133966	125	1
134032	57	0
134089	59	0
134148	59	0
134207	59	0
134266	59	0
134381	121	1
134446	61	0
134624	176	2
134683	59	0
134742	61	0
134860	115	1
134918	59	0
134977	57	0
135034	61	0
135095	57	0
135152	59	0
135211	62	0
135273	65	0
135338	57	0
135395	59	0
135454	59	0
135513	58	0
135571	61	0
135632	59	0
135755	122	1
135870	116	1
135929	57	0
135986	59	0
136045	56	0
136101	66	0
136167	57	0
136224	58	0
136282	60	0
136342	59	0
136458	116	1
136517	57	0
136574	61	0
136635	56	0
136691	61	0
136752	57	0
136809	60	0
136983	179	2
137105	118	1
137166	58	0
137224	60	0
137284	58	0
137342	55	0
137397	62	0
137517	116	1
137575	58	0
137633	56	0
137748	115	1
137804	61	0
137865	57	0
137922	57	0
137979	58	0
138037	55	0
138148	112	1
138204	639	0
138907	121	1
138964	58	0
139022	58	0
139080	59	0
139139	58	0
139197	57	0
139319	122	1
139376	58	0
139434	57	0
139491	57	0
139607	120	1
139733	125	1
139793	58	0
139851	59	0
139910	59	0
139969	58	0
140027	59	0
140086	59	0
140210	123	1
140268	58	0
140326	57	0
140441	115	1
140498	58	0
140556	63	0
140619	58	0
140677	638	0
141315	59	0
141374	58	0
141432	57	0
141489	59	0
141671	181	2
141729	58	0
141787	60	0
141847	57	0
141904	58	0
141962	59	0
142021	58	0
142140	119	1
142198	59	0
142316	118	1
142431	121	1
142553	116	1
142612	59	0
142671	59	0
142730	59	0
142789	58	0
142847	64	0
142911	57	0
142968	58	0
143086	119	1
143209	120	1
143265	65	0
143330	60	0
143390	57	0
143447	69	0
143516	59	0
143575	59	0
143634	58	0
143753	133	1
143825	58	0
143883	58	0
143941	57	0
143998	58	0
144056	59	0
144115	58	0
144173	66	0
144239	60	0
144299	58	0
144357	58	0
144473	115	1
144530	58	0
144588	66	0
144654	60	0
144714	64	0
144778	58	0
144894	115	1
144951	58	0
145009	57	0
145066	59	0
145125	58	0
145183	57	0
145240	57	0
145297	58	0
145355	57	0
145412	58	0
145533	120	1
145590	59	0
145649	58	0
145707	60	0
145767	56	0
145823	59	0
145882	62	0
145944	57	0
146001	56	0
146057	56	0
146171	118	1
146231	59	0
146352	126	1
146416	60	0
146476	58	0
146648	172	2
146706	60	0
146766	65	0
146831	59	0
146949	117	1
147007	57	0
147064	58	0
147122	59	0
147244	123	1
147304	56	0
147360	59	0
147419	57	0
147476	57	0
147533	57	0
147590	64	0
147654	67	0
147721	57	0
147778	57	0
147835	58	0
147893	60	0
147953	58	0
148068	114	1
148238	170	2
148295	60	0
148355	61	0
148416	57	0
148473	65	0
148538	57	0
148595	57	0
148652	61	0
148713	58	0
148829	117	1
148888	64	0
148952	57	0
149009	57	0
149066	58	0
149124	58	0
149241	118	1
149300	67	0
149367	58	0
149425	62	0
149547	118	1
149605	58	0
149663	59	0
149722	62	0
149784	67	0
149851	60	0
149970	117	1
150028	58	0
150086	60	0
150146	60	0
150206	65	0
150271	58	0
150329	58	0
150387	56	0
150443	59	0
150502	60	0
150562	57	0
150619	67	0
150686	58	0
150744	59	0
150803	61	0
150864	59	0
150923	59	0
150982	61	0
151161	179	2
151222	61	0
151343	118	1
151401	59	0
151518	121	1
151581	57	0
151638	61	0
151699	61	0
151760	60	0
151820	57	0
151877	58	0
151935	651	0
152586	60	0
152646	61	0
152707	63	0
152830	119	1
152889	57	0
153064	176	2
153122	57	0
153179	58	0
153237	57	0
153352	115	1
153409	61	0
153470	61	0
153531	57	0
153588	60	0
153648	58	0
153706	59	0
153765	59	0
153824	62	0
153886	58	0
153944	57	0
154001	59	0
154060	58	0
154118	59	0
154177	57	0
154301	125	1
154359	59	0
154418	58	0
154476	57	0
154652	177	2
154710	66	0
154776	56	0
154832	58	0
154890	58	0
154948	58	0
155006	59	0
155122	122	1
155187	58	0
155245	57	0
155302	57	0
155359	57	0
155416	58	0
155474	58	0
155532	65	0
155597	60	0
155657	58	0
155715	60	0
155775	56	0
155831	56	0
155887	57	0
155944	63	0
156007	59	0
156066	57	0
156123	60	0
156241	118	1
156301	57	0
156358	59	0
156417	65	0
156482	59	0
156601	118	1
156659	59	0
156718	57	0
156775	60	0
156835	64	0
156899	59	0
156958	59	0
157017	58	0
157075	60	0
157194	117	1
157252	63	0
157315	59	0
157374	59	0
157433	59	0
157492	58	0
157550	58	0
157608	58	0
157666	58	0
157724	59	0
157843	121	1
157904	61	0
157965	59	0
158024	57	0
158081	57	0
158138	63	0
158201	57	0
158258	59	0
158373	117	1
158494	118	1
158552	65	0
158617	60	0
158677	57	0
158734	60	0
158794	57	0
158851	58	0
158968	122	1
159031	59	0
159090	60	0
159150	59	0
159267	115	1
159324	57	0
159504	180	2
159561	58	0
159619	58	0
159677	58	0
159735	63	0
159798	56	0
159854	62	0
159916	58	0
159974	58	0
160032	57	0
160089	57	0
160205	119	1
160265	65	0
160330	57	0
160387	57	0
160444	60	0
160504	59	0
160563	58	0
160679	117	1
160856	180	2
160981	124	1
161042	63	0
161105	59	0
161164	63	0
161227	59	0
161286	59	0
161402	114	1
161459	57	0
161516	60	0
161576	66	0
161642	61	0
161703	58	0
161761	71	0
161832	61	0
161893	59	0
161952	57	0
162009	63	0
162072	61	0
162190	117	1
162250	59	0
162309	57	0
162424	117	1
162483	65	0
162548	58	0
162606	59	0
162665	58	0
162723	58	0
162781	58	0
162839	58	0
162897	66	0
162963	58	0
163021	76	0
163155	118	1
163272	116	1
163331	65	0
163455	116	1
163512	60	0
163572	58	0
163630	69	0
163762	116	1
163820	58	0
163878	60	0
164056	177	2
164115	56	0
164171	58	0
164229	72	0
164301	62	0
164421	138	1
164501	59	0
164560	62	0
164622	59	0
164681	65	0
164746	61	0
164807	57	0
164922	121	1
165044	117	1
165167	123	1
165225	59	0
165284	59	0
165343	59	0
165402	60	0
165462	61	0
165523	59	0
165582	69	0
165651	62	0
165713	60	0
165773	63	0
165894	115	1
166076	187	2
166138	60	0
166198	61	0
166259	59	0
166376	117	1
166435	66	0
166501	60	0
166561	59	0
166620	62	0
166682	61	0
166743	61	0
166804	68	0
166932	119	1
166991	59	0
167050	60	0
167110	60	0
167170	62	0
167232	76	0
167308	59	0
167367	68	0
167435	59	0
167494	60	0
167614	120	1
167734	120	1
167794	67	0
167861	62	0
167923	59	0
167982	58	0
168040	58	0
168098	58	0
168156	59	0
168284	131	1
168346	59	0
168405	59	0
168464	59	0
168523	61	0
168703	187	2
168829	117	1
168888	60	0
168948	61	0
169009	59	0
169127	127	1
169195	59	0
169254	61	0
169315	58	0
169373	61	0
169434	59	0
169493	61	0
169554	69	0
169682	118	1
169741	61	0
169802	60	0
169862	60	0
169922	62	0
169984	59	0
170043	60	0
170103	62	0
170165	60	0
170395	298	2
170523	182	0
170705	122	0
170827	76	0
170903	70	0
171055	144	1
171117	112	0
171229	57	0
171286	74	0
171360	61	0
171421	91	0
171512	77	0
171589	123	0
171712	96	0
171808	131	0
171939	93	0
172032	58	0
172090	60	0
172150	79	0
172229	63	0
172292	58	0
172350	95	0
172445	87	0
172651	209	1
172741	62	0
172804	79	0
172883	75	0
172958	59	0
173017	84	0
173101	68	0
173309	240	2
173409	74	0
173571	148	1
173631	66	0
173697	60	0
173823	124	1
173940	121	1
174002	56	0
174058	57	0
174173	119	1
174315	139	1
174373	60	0
174433	59	0
174492	62	0
174554	64	0
174618	61	0
174679	59	0
174738	58	0
174913	175	2
174971	67	0
175038	58	0
175096	61	0
175157	58	0
175273	118	1
175391	122	1
175515	122	1
175577	58	0
175635	58	0
175811	761	2
176517	121	1
176575	56	0
176631	58	0
176689	58	0
176747	60	0
176992	245	3
177052	60	0
177112	58	0
177351	240	3
177410	61	0
177471	60	0
177589	117	1
177648	60	0
177768	122	1
177830	58	0
177888	58	0
177946	59	0
178005	56	0
178061	57	0
178175	120	1
178299	117	1
178355	58	0
178413	59	0
178472	60	0
178532	60	0
178658	124	1
178716	59	0
178775	61	0
178836	60	0
178896	62	0
178958	68	0
179026	80	0
179106	63	0
179229	120	1
179347	116	1
179523	183	2
179588	60	0
179648	58	0
179706	60	0
179766	60	0
180067	301	4
180127	61	0
180188	61	0
180310	122	1
180371	67	0
180498	119	1
180557	62	0
180678	120	1
180739	62	0
180801	59	0
180919	117	1
180977	59	0
181036	61	0
181097	59	0
181156	60	0
181216	60	0
181276	69	0
181345	59	0
181404	58	0
181519	116	1
181578	57	0
181635	57	0
181692	66	0
181758	59	0
181817	58	0
181875	58	0
181993	118	1
182111	125	1
182176	59	0
182353	178	2
182413	58	0
182471	60	0
182531	57	0
182589	64	0
182653	60	0
182713	61	0
182774	59	0
182833	62	0
182895	59	0
183014	130	1
183084	61	0
183145	59	0
183204	59	0
183263	58	0
183381	118	1
183570	189	2
183628	58	0
183749	123	1
183809	59	0
183868	59	0
183927	57	0
183984	58	0
184138	214	1
184256	64	0
184379	118	1
184504	124	1
184562	60	0
184622	60	0
184682	58	0
184862	186	2
184926	59	0
184985	62	0
185047	57	0
185104	60	0
185164	57	0
185221	60	0
185281	64	0
185345	65	0
185472	145	1
185555	57	0
185612	56	0
185668	69	0
185737	61	0
185798	70	0
185868	153	0
186021	59	0
186080	61	0
186141	132	0
186273	79	0
186418	130	1
186482	109	0
186591	59	0
186650	62	0
186774	138	1
186850	58	0
186908	64	0
186972	61	0
187092	118	1
187151	69	0
187220	60	0
187280	60	0
187516	268	2
187689	139	1
187747	59	0
187924	182	2
187988	60	0
188048	62	0
188110	81	0
188191	58	0
188249	60	0
188366	161	1
188610	225	2
188695	59	0
188754	59	0
188813	57	0
188870	66	0
188936	58	0
188994	96	0
189090	118	0
189208	85	0
189293	62	0
189355	104	0
189459	59	0
189518	126	0
189707	122	1
189950	244	3
190010	65	0
190134	116	1
190250	167	1
190358	87	0
190547	168	1
190672	121	1
190794	124	1
190858	60	0
190918	59	0
191036	118	1
191095	59	0
191154	90	0
191342	186	1
191430	87	0
191596	148	1
191665	59	0
191724	61	0
191785	59	0
191844	59	0
191963	121	1
192024	69	0
192093	119	0
192212	64	0
192276	98	0
192449	133	1
192507	61	0
192822	315	4
192883	60	0
192943	59	0
193002	100	0
193102	80	0
193182	78	0
193483	281	3
193541	63	0
193604	67	0
193671	57	0
193728	60	0
193883	216	1
194062	118	1
194122	63	0
194185	60	0
194245	62	0
194307	57	0
194364	60	0
194424	58	0
194482	60	0
194542	59	0
194601	61	0
194720	118	1
194838	116	1
194957	700	1
195596	66	0
195662	68	0
195730	58	0
195788	58	0
195906	118	1
196023	125	1
196149	118	1
196208	58	0
196266	59	0
196506	239	3
196564	59	0
196623	59	0
196742	119	1
196802	59	0
196861	60	0
196921	69	0
196990	63	0
197053	59	0
197112	60	0
197172	63	0
197235	61	0
197296	57	0
197353	66	0
197419	60	0
197541	121	1
197600	60	0
197660	60	0
197782	133	1
197853	62	0
197915	60	0
197975	57	0
198091	117	1
198149	62	0
198211	59	0
198330	120	1
198390	63	0
198453	66	0
198519	60	0
198703	202	2
198781	61	0
198842	59	0
198901	64	0
198965	63	0
199148	189	2
199277	121	1
199401	122	1
199460	62	0
199522	58	0
199650	129	1
199709	63	0
199832	121	1
199952	121	1
200014	60	0
200074	70	0
200144	61	0
200205	59	0
200264	60	0
200445	179	2
200503	69	0
200572	61	0
200693	123	1
200756	62	0
200818	60	0
200878	59	0
200937	67	0
201004	59	0
201063	62	0
201186	121	1
201246	59	0
201305	56	0
201361	60	0
201421	57	0
201478	56	0
201592	115	1
201649	55	0
201704	59	0
201763	56	0
201819	64	0
201883	62	0
202061	172	2
202235	182	2
202299	57	0
202356	57	0
202532	178	2
202591	59	0
202650	62	0
202712	59	0
202771	59	0
202830	57	0
202887	60	0
202947	59	0
203006	58	0
203124	123	1
203187	57	0
203244	57	0
203301	58	0
203359	59	0
203418	58	0
203476	58	0
203534	63	0
203597	61	0
203840	240	3
203898	57	0
203955	66	0
204021	58	0
204079	59	0
204139	62	0
204201	57	0
204258	61	0
204319	58	0
204377	59	0
204436	60	0
204557	118	1
204614	58	0
204672	58	0
204730	58	0
204788	61	0
204849	66	0
204915	58	0
204973	60	0
205091	118	1
205151	58	0
205209	59	0
205268	63	0
205388	116	1
205447	60	0
205507	59	0
205629	123	1
205811	183	2
205872	57	0
205929	62	0
205991	60	0
206051	59	0
206110	57	0
206167	86	0
206311	193	1
206446	57	0
206503	60	0
206563	58	0
206621	59	0
206680	63	0
206743	59	0
206802	58	0
206860	58	0
206918	60	0
206978	115	0
207093	90	0
207183	112	0
207454	215	2
207510	64	0
207574	57	0
207631	57	0
207748	118	1
207806	59	0
207922	113	1
207978	60	0
208038	61	0
208099	59	0
208158	65	0
208280	116	1
208339	57	0
208396	59	0
208455	62	0
208574	124	1
208641	58	0
208699	58	0
208757	56	0
208931	178	2
209058	128	1
209119	59	0
209178	63	0
209241	59	0
209300	58	0
209358	60	0
209418	56	0
209474	66	0
209540	59	0
209599	59	0
209658	58	0
209716	58	0
209774	56	0
209830	56	0
209886	65	0
209951	58	0
210009	57	0
210066	59	0
210240	172	2
210297	66	0
210419	112	1
210475	58	0
210533	58	0
210648	114	1
210705	60	0
210765	61	0
210826	59	0
210885	58	0
210943	58	0
211001	57	0
211058	57	0
211115	59	0
211174	64	0
211238	59	0
211297	58	0
211412	115	1
211470	57	0
211527	61	0
211588	66	0
211654	58	0
211712	59	0
211771	57	0
211828	59	0
211887	58	0
211945	59	0
212004	62	0
212123	115	1
212238	115	1
212296	58	0
212354	59	0
212413	59	0
212472	64	0
212536	58	0
212594	60	0
212654	59	0
212713	58	0
212771	60	0
212960	187	2
213018	59	0
213077	56	0
213133	58	0
213191	57	0
213306	123	1
213371	61	0
213490	116	1
213606	116	1
213664	60	0
213724	59	0
213839	117	1
213900	59	0
213959	59	0
214018	56	0
214074	57	0
214136	58	0
214194	65	0
214317	115	1
214374	60	0
214434	61	0
214684	249	3
214863	180	2
214924	60	0
215044	129	1
215113	59	0
215173	60	0
215295	122	1
215480	186	2
215541	67	0
215609	117	0
215788	149	1
215875	62	0
215937	60	0
215997	58	0
216123	719	1
216836	122	1
216896	60	0
216956	60	0
217016	61	0
217077	69	0
217146	62	0
217270	123	1
217331	61	0
217392	59	0
217451	59	0
217572	124	1
217635	62	0
217697	57	0
217754	61	0
217955	199	2
218014	70	0
218084	58	0
218201	118	1
218260	61	0
218321	61	0
218382	61	0
218443	66	0
218509	61	0
218570	60	0
218630	61	0
218691	78	0
218769	60	0
218829	69	0
218898	69	0
218967	59	0
219026	60	0
219086	58	0
219202	117	1
219261	60	0
219321	57	0
219378	66	0
219444	60	0
219564	121	1
219684	118	1
219743	62	0
219805	66	0
219871	60	0
219990	117	1
220048	58	0
220106	57	0
220163	62	0
220294	126	1
220411	119	1
220470	63	0
220533	60	0
220593	60	0
220653	60	0
220713	62	0
220840	127	1
220964	122	1
221082	116	1
221140	65	0
221205	61	0
221266	58	0
221324	58	0
221504	181	2
221628	124	1
221687	58	0
221804	117	1
221920	116	1
221978	66	0
222044	58	0
222102	58	0
222160	57	0
222217	57	0
222332	117	1
222391	57	0
222448	65	0
222572	116	1
222629	57	0
222686	67	0
222753	59	0
222873	127	1
222939	58	0
222997	57	0
223116	121	1
223175	58	0
223359	183	2
223416	58	0
223474	58	0
223532	57	0
223589	58	0
223647	58	0
223705	58	0
223763	58	0
223879	115	1
224052	174	2
224110	61	0
224171	63	0
224234	58	0
224292	57	0
224349	58	0
224407	58	0
224465	62	0
224587	124	1
224651	60	0
224711	58	0
224827	115	1
224884	57	0
224941	59	0
225000	67	0
225067	59	0
225126	57	0
225183	57	0
225240	59	0
225299	58	0
225415	116	1
225473	69	0
225542	60	0
225602	57	0
225717	117	1
225776	59	0
225835	58	0
225893	64	0
225957	58	0
226015	59	0
226074	59	0
226247	171	2
226304	62	0
226366	57	0
226423	59	0
226482	59	0
226541	87	0
226628	57	0
226765	155	1
226840	68	0
226908	65	0
226973	58	0
227031	97	0
227128	89	0
227217	60	0
227277	58	0
227335	61	0
227396	58	0
227454	57	0
227511	57	0
227568	58	0
227742	183	2
227809	58	0
228030	229	2
228096	84	0
228180	68	0
228313	123	1
228371	57	0
228428	64	0
228492	95	0
228587	57	0
228824	238	3
228882	64	0
228946	58	0
229004	58	0
229062	59	0
229121	58	0
229179	66	0
229245	59	0
229361	116	1
229594	239	3
229659	60	0
229719	60	0
229779	58	0
229837	58	0
229953	119	1
230014	58	0
230072	59	0
230131	57	0
230188	58	0
230246	57	0
230303	58	0
230361	57	0
230418	60	0
230541	119	1
230597	58	0
230835	237	3
230957	125	1
231017	57	0
231074	59	0
231133	58	0
231191	57	0
231248	59	0
231307	65	0
231430	115	1
231487	59	0
231602	115	1
231661	57	0
231718	57	0
231775	69	0
231844	55	0
231899	57	0
231956	56	0
232012	58	0
232127	114	1
232184	63	0
232247	61	0
232308	57	0
232365	58	0
232423	59	0
232482	58	0
232540	61	0
232601	64	0
232665	57	0
232722	58	0
232836	114	1
232894	57	0
232951	59	0
233010	58	0
233128	116	1
233184	57	0
233241	59	0
233300	57	0
233357	57	0
233471	119	1
233590	114	1
233647	58	0
233763	116	1
233821	59	0
233944	122	1
234002	59	0
234061	59	0
234120	58	0
234178	61	0
234239	56	0
234295	65	0
234417	115	1
234475	57	0
234593	119	1
234651	59	0
234710	58	0
234768	67	0
234893	118	1
234953	59	0
235012	60	0
235072	58	0
235130	59	0
235316	185	2
235374	59	0
235433	62	0
235495	59	0
235611	126	1
235680	59	0
235796	115	1
235854	61	0
235915	60	0
235975	60	0
236035	59	0
236153	119	1
236213	58	0
236271	57	0
236328	60	0
236388	59	0
236447	58	0
236505	61	0
236566	58	0
236624	58	0
236682	56	0
236738	58	0
236796	59	0
236979	180	2
237035	58	0
237093	57	0
237150	57	0
237207	57	0
237264	62	0
237326	63	0
237389	55	0
237444	57	0
237501	57	0
237616	114	1
237734	118	1
237912	182	2
238030	116	1
238201	176	2
238264	59	0
238380	117	1
238440	57	0
238557	119	1
238616	69	0
238744	117	1
238863	119	1
238921	58	0
238979	58	0
239037	69	0
239106	62	0
239168	56	0
239283	118	1
239342	57	0
239399	58	0
239518	124	1
239581	59	0
239640	58	0
239811	171	2
239926	120	1
239989	60	0
240049	57	0
240162	113	1
240219	60	0
240336	120	1
240570	229	3
240628	56	0
240742	115	1
240799	63	0
240862	60	0
240922	60	0
240982	57	0
241039	58	0
241097	58	0
241213	121	1
241334	116	1
241392	57	0
241449	58	0
241507	57	0
241564	57	0
241621	64	0
241685	59	0
241744	58	0
241802	60	0
241862	60	0
241922	60	0
242102	178	2
242160	60	0
242220	58	0
242278	57	0
242392	114	1
242449	57	0
242506	64	0
242570	59	0
242687	115	1
242744	62	0
242806	61	0
242926	123	1
243047	114	1
243104	57	0
243161	58	0
243219	58	0
243277	59	0
243336	63	0
243399	58	0
243514	115	1
243572	56	0
243628	60	0
243688	57	0
243803	126	1
243871	56	0
243927	56	0
243983	58	0
244041	58	0
244215	185	2
244342	117	1
244401	56	0
244514	115	1
244572	57	0
244629	63	0
244692	57	0
244749	59	0
244808	58	0
244866	59	0
244925	59	0
244984	58	0
245042	57	0
245099	56	0
245155	56	0
245211	56	0
245267	60	0
245327	58	0
245385	59	0
245444	59	0
245503	62	0
245621	114	1
245679	57	0
245736	66	0
245802	60	0
245919	119	1
245981	65	0
246103	114	1
246160	57	0
246217	66	0
246283	59	0
246410	126	1
246468	61	0
246529	59	0
246588	57	0
246708	124	1
246769	61	0
246830	68	0
247018	179	2
247077	59	0
247136	59	0
247195	62	0
247257	67	0
247324	60	0
247384	61	0
247445	60	0
247505	61	0
247566	59	0
247625	60	0
247685	68	0
247753	59	0
247812	59	0
247871	58	0
247929	59	0
247988	59	0
248047	57	0
248104	58	0
248222	119	1
248281	57	0
248338	59	0
248513	178	2
248575	63	0
248638	59	0
248697	57	0
248754	57	0
248811	58	0
248869	58	0
248927	57	0
248984	63	0
249225	238	3
249285	58	0
249401	121	1
249464	57	0
249579	115	1
249636	59	0
249695	60	0
249812	114	1
249869	62	0
249931	57	0
249988	57	0
250045	62	0
250107	57	0
250164	57	0
250279	121	1
250342	59	0
250457	112	1
250513	58	0
250571	61	0
250632	57	0
250689	62	0
250751	96	0
250905	114	1
250961	57	0
251018	57	0
251075	58	0
251133	60	0
251193	60	0
251253	58	0
251311	57	0
251368	59	0
251427	57	0
251484	61	0
251545	58	0
251603	66	0
251669	61	0
251730	57	0
251847	121	1
251967	117	1
252025	67	0
252149	119	1
252269	117	1
252328	58	0
252386	58	0
252444	67	0
252511	58	0
252569	58	0
252627	58	0
252685	58	0
252743	59	0
252802	58	0
252860	58	0
252918	67	0
252985	58	0
253043	65	0
253173	123	1
253231	58	0
253289	57	0
253346	65	0
253471	118	1
253529	59	0
253588	58	0
253646	59	0
253705	58	0
253763	66	0
253829	60	0
253947	116	1
254063	115	1
254120	58	0
254178	60	0
254238	58	0
254296	57	0
254353	59	0
254412	70	0
254542	125	1
254607	57	0
254664	63	0
254727	60	0
254787	57	0
254844	61	0
254964	116	1
255081	129	1
255286	194	2
255344	59	0
255464	120	1
255523	63	0
255586	78	0
255664	58	0
255722	62	0
255784	95	0
255879	62	0
256001	118	1
256059	68	0
256127	58	0
256185	60	0
256245	60	0
256305	58	0
256363	58	0
256421	60	0
256550	128	1
256609	59	0
256668	60	0
256728	60	0
256788	62	0
256850	59	0
256976	128	1
257037	59	0
257217	180	2
257276	59	0
257335	62	0
257516	179	2
257576	63	0
257698	118	1
257757	60	0
257817	69	0
257886	61	0
257947	60	0
258007	59	0
258128	121	1
258187	61	0
258248	67	0
258315	60	0
258434	117	1
258492	59	0
258668	185	2
258736	61	0
258797	59	0
258856	66	0
258922	59	0
258981	59	0
259040	57	0
259097	63	0
259160	73	0
259293	124	1
259357	59	0
259534	176	2
259592	68	0
259660	491	0
260151	60	0
260270	118	1
260329	62	0
260391	58	0
260547	158	1
260607	93	0
260916	275	2
261034	132	1
261107	59	0
261166	61	0
261227	59	0
261286	60	0
261346	59	0
261405	133	0
261538	113	0
261730	152	1
261803	128	0
261931	66	0
261997	72	0
262136	126	1
262195	67	0
262262	109	0
262371	107	0
262478	103	0
262581	59	0
262640	60	0
262700	57	0
262757	66	0
262823	59	0
262998	173	2
263116	118	1
263173	372	0
263545	74	0
263619	117	0
263736	60	0
263796	58	0
263918	121	1
263975	56	0
264031	64	0
264095	69	0
264164	96	0
264260	61	0
264321	83	0
264404	58	0
264462	57	0
264519	63	0
264582	57	0
264639	56	0
264695	56	0
264865	173	2
264924	58	0
264982	57	0
265097	119	1
265158	59	0
265331	170	2
265387	63	0
265450	57	0
265507	60	0
265625	116	1
265794	174	2
265857	60	0
265917	60	0
265977	56	0
266090	114	1
266147	57	0
266204	62	0
266266	58	0
266324	56	0
266553	231	3
266733	178	2
266789	57	0
266846	64	0
266910	57	0
266967	56	0
267023	57	0
267080	65	0
267145	57	0
267202	64	0
267266	58	0
267324	57	0
267381	56	0
267496	121	1
267558	57	0
267615	58	0
267673	56	0
267729	57	0
267843	113	1
267899	63	0
267962	59	0
268021	57	0
268078	56	0
268134	56	0
268190	59	0
268249	60	0
268309	56	0
268365	66	0
268431	62	0
268493	57	0
268550	57	0
268607	58	0
268665	57	0
268722	58	0
268780	64	0
268844	61	0
268962	115	1
269020	57	0
269077	57	0
269134	62	0
269196	65	0
269261	57	0
269318	60	0
269378	59	0
269437	58	0
269495	58	0
269553	59	0
269612	58	0
269670	65	0
269793	117	1
269852	59	0
269911	60	0
269971	59	0
270030	57	0
270153	126	1
270213	60	0
270273	640	0
270971	118	1
271031	57	0
271088	65	0
271212	117	1
271270	61	0
271331	58	0
271389	59	0
271448	60	0
271508	60	0
271630	121	1
271868	238	3
271927	59	0
272052	127	1
272113	59	0
272172	59	0
272289	117	1
272348	58	0
272406	68	0
272474	58	0
272532	58	0
272590	58	0
272765	177	2
272825	68	0
272893	61	0
272954	58	0
273072	119	1
273131	57	0
273188	60	0
273378	189	2
273437	58	0
273555	119	1
273614	60	0
273674	59	0
273733	68	0
273801	59	0
273860	58	0
273976	117	1
274035	58	0
274093	60	0
274153	69	0
274222	60	0
274282	59	0
274341	60	0
274401	60	0
274461	59	0
274520	61	0
274581	62	0
274643	60	0
274703	61	0
274764	58	0
274822	59	0
274940	118	1
274999	62	0
275061	67	0
275128	60	0
275188	60	0
275248	59	0
275307	62	0
275369	60	0
275429	59	0
275560	131	1
275619	62	0
275681	62	0
275743	61	0
275804	63	0
275867	60	0
275927	67	0
276051	115	1
276109	59	0
276168	59	0
276289	121	1
276474	187	2
276535	59	0
276594	59	0
276653	62	0
276715	60	0
276775	59	0
276834	69	0
276903	61	0
276964	59	0
277023	59	0
277198	173	2
277255	68	0
277323	57	0
277437	114	1
277494	70	0
277564	57	0
277676	116	1
277737	57	0
277794	57	0
277851	57	0
277908	58	0
277966	57	0
278023	58	0
278081	57	0
278138	64	0
278202	57	0
278259	57	0
278316	60	0
278376	56	0
278492	120	1
278552	67	0
278619	59	0
278738	120	1
278798	60	0
279071	279	2
279137	58	0
279195	59	0
279254	60	0
279314	61	0
279492	178	2
279553	65	0
279618	69	0
279687	57	0
279744	59	0
279921	178	2
279981	68	0
280049	62	0
280111	61	0
280172	61	0
280292	118	1
280351	63	0
280414	67	0
280481	61	0
280542	59	0
280660	117	1
280718	59	0
280777	58	0
280835	59	0
280953	119	1
281013	58	0
281071	60	0
281131	59	0
281190	58	0
281377	189	2
281437	60	0
281497	58	0
281555	59	0
281674	118	1
281732	68	0
281800	58	0
281858	59	0
281917	59	0
281976	64	0
282040	58	0
282098	60	0
282158	65	0
282223	59	0
282282	65	0
282475	187	2
282534	60	0
282594	59	0
282653	68	0
282721	59	0
282780	60	0
282840	59	0
282899	63	0
282962	59	0
283021	59	0
283080	67	0
283147	63	0
283210	59	0
283269	60	0
283329	59	0
283388	59	0
283447	63	0
283510	67	0
283752	234	3
283811	60	0
283871	61	0
283992	119	1
284051	60	0
284111	59	0
284170	58	0
284228	64	0
284292	59	0
284351	59	0
284410	69	0
284479	59	0
284538	61	0
284599	65	0
284664	60	0
284724	62	0
284786	58	0
284844	68	0
285033	183	2
285095	59	0
285154	59	0
285213	59	0
285272	69	0
285341	68	0
285409	65	0
285474	60	0
285534	60	0
285594	58	0
285710	117	1
285769	67	0
285836	57	0
285893	59	0
285952	59	0
286011	59	0
286070	62	0
286132	61	0
286193	68	0
286261	58	0
286319	58	0
286435	117	1
286494	58	0
286552	58	0
286610	66	0
286676	58	0
286734	59	0
286852	118	1
286970	119	1
287030	63	0
287093	65	0
287158	60	0
287280	120	1
287338	638	0
287976	61	0
288097	127	1
288164	60	0
288224	641	0
288865	58	0
288923	57	0
288980	57	0
289037	63	0
289100	62	0
289221	118	1
289338	116	1
289396	57	0
289514	124	1
289636	115	1
289692	62	0
289754	58	0
289812	58	0
289929	116	1
289986	66	0
290052	58	0
290110	57	0
290167	62	0
290229	59	0
290288	61	0
290405	120	1
290526	114	1
290583	56	0
290760	181	2
290820	72	0
290892	57	0
291006	116	1
291065	59	0
291124	59	0
291183	57	0
291240	58	0
291298	58	0
291356	60	0
291416	62	0
291479	58	0
291537	59	0
291596	56	0
291652	56	0
291708	63	0
291771	57	0
291943	171	2
291999	57	0
292056	57	0
292113	65	0
292178	57	0
292354	176	2
292468	117	1
292528	67	0
292652	120	1
292772	114	1
292829	56	0
292885	59	0
292944	59	0
293003	64	0
293067	58	0
293181	124	1
293249	62	0
293311	56	0
293426	122	1
293489	57	0
293546	59	0
293605	56	0
293661	56	0
293717	58	0
293836	124	1
293899	57	0
294014	115	1
294071	56	0
294127	57	0
294246	120	1
294304	57	0
294361	57	0
294418	57	0
294475	57	0
294532	57	0
294589	61	0
294650	60	0
294710	63	0
294885	170	2
294999	116	1
295059	57	0
295116	66	0
295182	60	0
295242	58	0
295300	57	0
295357	57	0
295414	62	0
295476	57	0
295533	62	0
295595	58	0
295653	58	0
295768	113	1
295824	60	0
295884	57	0
295941	56	0
295997	63	0
296119	116	1
296176	57	0
296233	59	0
296356	121	1
296413	62	0
296475	56	0
296531	55	0
296586	57	0
296643	71	0
296714	58	0
296772	58	0
296830	63	0
296893	57	0
296950	59	0
297066	113	1
297122	57	0
297179	57	0
297236	58	0
297294	60	0
297354	59	0
297413	59	0
297472	64	0
297536	57	0
297593	59	0
297652	57	0
297709	64	0
297773	60	0
297833	56	0
298006	175	2
298064	57	0
298185	121	1
298242	56	0
298355	115	1
298471	117	1
298592	119	1
298649	58	0
298707	58	0
298765	57	0
298822	59	0
298882	57	0
298939	57	0
299116	179	2
299231	114	1
299346	113	1
299402	66	0
299468	56	0
299524	60	0
299584	57	0
299702	120	1
299858	161	1
299922	61	0
299983	63	0
