0	53
54	59
114	56
170	53
223	59
282	57
339	55
394	57
451	58
509	54
563	64
627	61
688	59
747	62
809	63
872	58
930	94
1024	66
1090	61
1151	55
1206	69
1275	57
1332	53
1385	62
1447	59
1506	51
1558	57
1615	56
1671	52
1723	59
1782	60
1842	63
1905	51
1956	57
2014	60
2074	52
2127	59
2186	57
2243	53
2296	57
2353	60
2413	51
2464	62
2526	58
2584	52
2636	56
2693	59
2752	52
2804	52
2857	56
2913	61
2974	50
3024	60
3084	57
3141	55
3196	56
3253	57
3310	50
3360	62
3422	59
3481	55
3536	57
3593	60
3653	63
3717	57
3774	70
3844	59
3903	54
3957	68
4025	60
4085	55
4140	343
4483	59
4542	54
4596	60
4656	66
4722	54
4776	58
4834	60
4894	52
4946	58
5004	58
5062	62
5124	53
5178	57
5235	59
5294	51
5345	59
5404	61
5465	50
5515	61
5576	57
5633	50
5684	57
5741	63
5804	52
5856	56
5912	58
5970	65
6035	51
6087	57
6144	60
6204	51
6255	66
6321	60
6381	53
6434	62
6496	55
6551	53
6604	59
6664	58
6722	53
6775	58
6833	69
6902	54
6956	59
7015	59
7074	63
7137	104
7241	61
7302	62
7364	55
7419	59
7478	59
7537	50
7588	55
7643	58
7701	54
7755	58
7813	57
7870	54
7924	58
7983	59
8042	60
8102	52
8154	56
8210	57
8267	51
8318	63
8381	59
8440	117
8557	57
8614	59
8673	52
8725	57
8782	60
8842	54
8896	57
8954	64
9018	57
9075	52
9127	55
9182	60
9242	52
9294	58
9352	56
9408	68
9476	62
9538	58
9596	50
9646	59
9706	58
9764	51
9815	66
9882	58
9940	56
9996	57
10054	57
10112	57
10169	51
10220	61
10281	57
10338	57
10395	62
10457	63
10520	54
10574	58
10632	58
10690	64
10754	58
10813	58
10871	52
10923	59
10982	60
11042	59
11101	51
11152	58
11210	62
11272	53
11325	57
11382	60
11442	52
11494	57
11551	58
11609	54
11663	59
11722	58
11780	52
11832	59
11891	77
11968	52
12020	56
12076	58
12134	59
12193	54
12247	56
12303	58
12361	54
12415	57
12472	60
12532	55
12587	60
12647	72
12719	52
12771	61
12833	56
12889	50
12939	62
13001	60
13061	59
13120	54
13174	60
13234	57
13291	54
13345	59
13404	59
13463	51
13514	66
13580	62
13642	52
13694	60
13754	57
13811	53
13864	57
13921	64
13985	57
14042	52
14094	62
14156	57
14213	50
14263	60
14324	60
14384	50
14434	69
14503	59
14562	51
14613	60
14673	60
14733	51
14784	59
14844	67
14911	54
14965	58
15023	100
15123	62
15185	80
15265	76
15341	60
15402	52
15454	59
15513	61
15574	52
15626	61
15687	59
15746	51
15798	63
15861	59
15920	56
15976	66
16042	57
16099	62
16161	52
16213	62
16275	70
16345	53
16398	62
16460	60
16520	54
16574	60
16634	61
16695	50
16745	59
16804	63
16867	51
16918	62
16980	60
17040	83
17123	72
17195	68
17263	59
17322	52
17374	58
17432	94
17526	56
17582	64
17646	61
17707	77
17784	409
18193	79
18272	53
18325	70
18395	72
18467	73
18540	84
18624	97
18721	113
18834	103
18937	212
19149	82
19231	84
19315	99
19414	115
19529	114
19643	109
19752	94
19846	92
19938	130
20068	115
20183	115
20298	63
20362	62
20424	60
20484	50
20534	66
20600	61
20661	52
20713	66
20779	60
20839	52
20891	59
20950	59
21009	52
21061	59
21120	60
21180	51
21231	59
21290	59
21349	62
21411	53
21464	58
21522	70
21592	49
21641	63
21704	61
21765	52
21817	64
21881	60
21941	52
21993	69
22062	60
22122	50
22172	58
22230	58
22288	50
22338	55
22393	58
22451	58
22509	51
22561	67
22628	74
22702	52
22754	89
22843	66
22909	82
22991	59
23050	58
23108	50
23158	61
23219	58
23277	55
23332	58
23390	56
23446	62
23508	52
23560	61
23621	59
23680	51
23731	59
23790	63
23853	50
23903	58
23961	58
24019	54
24073	66
24140	59
24199	53
24252	65
24317	66
24383	58
24441	54
24495	64
24559	62
24621	71
24692	66
24758	59
24817	53
24870	61
24931	67
24998	53
25051	58
25109	58
25167	52
25219	61
25280	61
25341	51
25392	62
25454	64
25518	60
25578	53
25631	60
25692	58
25750	50
25800	61
25861	57
25918	53
25971	59
26030	57
26087	57
26144	56
26200	57
26257	54
26311	56
26367	60
26427	58
26485	55
26540	58
26598	60
26658	53
26711	60
26771	67
26838	56
26894	63
26957	62
27019	52
27071	58
27129	58
27187	52
27239	59
27298	60
27358	60
27418	66
27484	114
27598	58
27656	56
27712	56
27768	55
27823	51
27874	64
27938	58
27996	57
28053	63
28116	55
28171	53
28224	60
28285	57
28342	53
28395	53
28449	57
28506	58
28564	56
28620	60
28680	554
29234	57
29291	59
29350	57
29407	52
29459	59
29518	60
29578	55
29633	57
29690	58
29748	51
29799	61
29860	61
29921	80
30001	57
30058	63
30121	77
30198	56
30254	66
30320	62
30382	54
30436	66
30502	62
30564	53
30617	63
30680	60
30740	49
30789	58
30847	57
30904	59
30963	50
31013	57
31071	57
31128	53
31181	59
31240	59
31299	50
31349	57
31406	56
31462	50
31512	76
31588	72
31660	96
31756	60
31816	61
31877	52
31929	52
31981	58
32039	56
32095	55
32150	67
32217	58
32275	54
32329	59
32388	58
32446	54
32500	83
32583	60
32643	53
32696	61
32758	62
32820	75
32895	94
32989	113
33102	62
33164	50
33214	62
33276	60
33336	53
33389	59
33448	58
33506	53
33559	79
33638	60
33698	53
33751	57
33808	58
33866	50
33916	60
33976	60
34036	59
34095	55
34150	62
34212	60
34272	51
34323	59
34382	57
34439	53
34492	58
34550	58
34608	55
34663	59
34722	60
34782	50
34832	59
34891	56
34947	52
34999	49
35048	59
35107	59
35166	49
35215	60
35275	62
35337	54
35391	57
35448	60
35508	52
35560	58
35618	59
35677	112
35789	60
35849	60
35909	50
35959	59
36018	59
36077	61
36138	51
36189	58
36247	60
36307	52
36359	62
36421	58
36479	52
36531	60
36591	64
36655	60
36716	74
36790	57
36847	50
36897	58
36955	66
37021	62
37083	50
37133	57
37190	58
37248	50
37298	60
37358	59
37417	56
37473	72
37545	58
37603	52
37655	62
37717	59
37776	58
37834	62
37896	59
37955	55
38010	50
38060	60
38120	62
38182	53
38235	63
38298	57
38355	57
38412	58
38470	57
38527	50
38577	59
38636	60
38696	56
38752	57
38809	58
38867	54
38921	58
38979	58
39037	58
39095	56
39151	59
39210	57
39267	63
39331	63
39394	60
39454	55
39509	59
39568	61
39629	50
39679	60
39739	58
39797	51
39848	56
39909	57
39966	57
40023	54
40077	57
40134	56
40190	51
40241	61
40302	59
40361	52
40413	58
40471	58
40529	50
40579	57
40636	59
40695	54
40749	56
40806	64
40870	50
40920	55
40975	64
41039	57
41096	52
41148	56
41204	58
41262	52
41314	62
41376	63
41439	51
41490	66
41556	61
41617	50
41667	56
41723	57
41780	50
41830	58
41889	61
41950	57
42007	52
42059	57
42116	57
42173	51
42224	58
42282	57
42339	51
42390	58
42448	56
42504	53
42557	58
42615	59
42674	50
42724	60
42784	58
42842	78
42920	79
42999	100
43099	106
43205	107
43312	107
43419	114
43533	122
43655	90
43745	95
43840	113
43953	62
44015	58
44073	74
44147	57
44204	572
44776	52
44828	54
44882	56
44938	59
44997	51
45048	56
45104	58
45162	51
45213	64
45277	59
45336	52
45388	59
45447	59
45506	50
45556	59
45615	60
45675	52
45727	56
45783	60
45843	60
45903	53
45956	61
46017	59
46076	51
46127	60
46187	57
46244	51
46295	70
46365	58
46423	51
46474	59
46533	63
46596	51
46647	58
46705	58
46763	57
46820	53
46873	62
46935	59
46994	52
47046	57
47104	57
47161	51
47212	57
47269	57
47326	51
47377	59
47436	58
47494	53
47547	60
47607	58
47665	51
47716	54
47770	59
47829	67
47896	52
47948	56
48004	58
48062	50
48112	56
48168	57
48225	50
48275	57
48332	62
48394	50
48444	58
48502	58
48560	51
48611	57
48668	57
48725	58
48783	53
48836	57
48893	61
48954	55
49009	56
49065	57
49122	51
49173	59
49232	63
49295	59
49354	60
49414	63
49477	52
49529	65
49594	60
49654	60
49714	55
49769	55
49824	57
49881	50
49931	63
49995	58
50053	54
50107	60
50167	56
50223	53
50276	59
50335	106
50441	51
50492	62
50554	61
50615	52
50667	49
50717	59
50776	62
50838	50
50888	58
50946	69
51015	52
51067	60
51127	58
51185	62
51247	59
51306	59
51365	52
51417	65
51482	61
51543	55
51598	60
51659	60
51719	63
51782	51
51833	68
51901	59
51960	76
52036	64
52100	57
52158	53
52211	59
52270	57
52327	60
52387	61
52448	60
52508	55
52563	77
52640	61
52701	57
52758	52
52810	89
52899	60
52960	53
53013	63
53076	61
53137	54
53191	59
53250	57
53307	50
53357	65
53422	59
53481	54
53535	59
53594	67
53661	51
53712	57
53769	61
53830	60
53890	51
53941	69
54010	70
54080	50
54130	61
54191	60
54251	51
54302	62
54364	641
55005	53
55058	64
55122	62
55184	54
55238	59
55297	74
55371	64
55435	53
55488	60
55548	58
55606	53
55659	60
55719	57
55776	51
55827	142
55969	62
56031	51
56082	63
56145	58
56203	53
56266	60
56326	57
56383	57
56440	53
56493	61
56554	60
56614	53
56667	60
56727	59
56786	52
56838	66
56904	61
56965	53
57018	66
57084	58
57142	54
57196	58
57254	67
57321	53
57375	52
57427	58
57485	74
57559	52
57611	64
57675	78
57753	62
57815	60
57875	85
57960	66
58026	60
58086	61
58147	60
58207	58
58265	77
58342	51
58393	62
58455	58
58513	60
58573	56
58629	61
58690	59
58749	52
58801	59
58860	59
58919	51
58970	63
59033	60
59093	53
59146	58
59204	59
59263	54
59317	60
59377	59
59436	59
59495	52
59547	59
59607	59
59666	50
59716	61
59777	61
59838	53
59891	66
59957	59
60016	53
60069	59
60128	59
60187	58
60245	61
60306	58
60364	66
60430	50
60481	61
60542	63
60605	52
60657	61
60718	60
60778	53
60831	58
60889	58
60947	50
60997	59
61056	61
61117	50
61167	68
61235	60
61295	54
61349	72
61421	116
61537	71
61608	119
61727	122
61849	128
61977	111
62088	79
62167	73
62240	191
62431	67
62498	85
62583	55
62638	62
62700	61
62761	389
63151	106
63257	101
63358	57
63415	49
63464	60
63524	57
63581	51
63632	60
63692	62
63754	51
63805	58
63863	58
63921	53
63974	58
64032	60
64092	50
64142	59
64201	59
64260	66
64326	50
64376	59
64443	57
64500	52
64552	85
64637	99
64736	319
65055	70
65125	90
65215	78
65293	92
65385	117
65502	116
65618	117
65735	118
65853	111
65964	89
66053	59
66112	60
66172	52
66224	58
66282	56
66338	51
66389	57
66446	58
66504	52
66556	61
66617	58
66675	50
66725	58
66783	58
66841	643
67484	58
67542	56
67598	56
67654	50
67704	56
67760	61
67821	52
67873	57
67930	56
67986	49
68035	57
68092	59
68151	55
68206	62
68268	56
68324	52
68376	58
68434	57
68491	49
68540	53
68593	58
68651	61
68712	54
68766	58
68824	56
68880	53
68933	58
68991	63
69054	52
69106	56
69162	58
69220	54
69274	58
69332	64
69396	50
69446	57
69503	58
69561	59
69620	52
69672	61
69733	58
69791	53
69844	60
69904	57
69961	55
70016	55
70071	62
70133	52
70185	63
70248	59
70307	51
70358	57
70415	58
70473	57
70530	55
70585	58
70644	57
70701	52
70753	59
70812	60
70872	54
70926	57
70983	55
71038	51
71089	66
71155	61
71216	50
71266	55
71321	60
71381	54
71435	49
71484	57
71541	58
71599	51
71650	63
71714	57
71771	54
71825	58
71883	59
71942	51
71993	58
72051	61
72112	52
72164	58
72222	58
72280	51
72331	61
72392	59
72451	62
72513	52
72565	60
72625	60
72685	51
72736	58
72794	62
72856	52
72908	60
72968	59
73027	51
73078	59
73137	59
73196	50
73246	58
73304	57
73361	58
73419	53
73472	60
73532	61
73593	52
73645	58
73703	60
73763	52
73815	57
73872	60
73932	52
73985	59
74044	59
74103	51
74154	62
74217	57
74274	51
74325	49
74375	58
74433	63
74496	50
74546	67
74613	61
74674	51
74725	59
74784	57
74841	54
74895	59
74954	60
75014	51
75066	60
75126	56
75182	51
75233	60
75293	58
75354	60
75414	50
75464	58
75522	59
75581	52
75633	59
75692	60
75752	53
75805	58
75863	58
75921	50
75971	59
76031	62
76093	52
76145	59
76204	57
76261	60
76321	53
76374	58
76433	58
76491	52
76543	62
76605	58
76663	51
76717	58
76775	58
76833	50
76883	59
76942	58
77000	52
77052	58
77110	61
77171	55
77226	51
77277	57
77334	56
77390	53
77443	59
77502	57
77559	51
77610	60
77670	82
77752	50
77802	58
77861	58
77919	49
77968	67
78035	58
78093	52
78145	56
78201	58
78259	58
78317	51
78368	58
78426	59
78485	51
78536	59
78595	62
78657	50
78707	60
78767	61
78828	51
78879	73
78952	60
79012	54
79066	56
79122	66
79188	59
79247	53
79300	120
79420	60
79480	61
79541	60
79601	60
79661	51
79712	60
79772	60
79832	53
79885	58
79943	58
80001	50
80051	61
80112	59
80171	49
80220	55
80275	56
80332	62
80394	52
80446	60
80506	59
80565	54
80619	61
80680	58
80738	51
80789	62
80851	60
80911	53
80964	57
81021	57
81078	52
81130	62
81192	58
81250	64
81314	53
81367	65
81432	60
81492	51
81543	58
81601	57
81658	51
81709	61
81770	62
81832	51
81883	58
81941	55
81996	54
82050	57
82107	56
82163	61
82224	50
82274	57
82331	59
82390	55
82445	56
82501	59
82560	51
82611	60
82671	58
82729	57
82786	57
82843	58
82901	52
82953	60
83013	59
83072	57
83129	61
83190	57
83247	57
83304	51
83355	56
83411	61
83472	52
83524	57
83581	57
83638	50
83688	57
83745	57
83802	53
83855	59
83914	57
83971	53
84024	60
84084	56
84140	57
84197	52
84249	56
84305	58
84363	54
84417	57
84474	56
84530	51
84581	58
84639	60
84699	52
84751	60
84811	60
84871	54
84925	59
84984	57
85041	60
85101	55
85156	60
85216	59
85275	55
85330	64
85394	60
85454	53
85507	58
85565	68
85633	52
85685	60
85745	60
85805	53
85858	62
85920	59
85979	628
86607	50
86657	63
86720	61
86781	52
86833	59
86892	59
86951	55
87006	56
87062	58
87120	53
87173	60
87233	59
87292	53
87345	60
87405	58
87463	52
87515	57
87572	60
87632	59
87691	54
87745	62
87807	57
87864	53
87917	60
87977	58
88035	49
88084	59
88143	57
88200	51
88251	59
88310	56
88366	51
88417	57
88474	58
88532	58
88590	50
88640	60
88700	56
88756	55
88811	61
88872	59
88931	50
88982	72
89054	58
89112	54
89166	57
89223	57
89280	51
89331	57
89388	58
89446	50
89496	54
89550	57
89607	60
89667	54
89721	57
89778	56
89834	51
89885	58
89943	60
90003	55
90058	57
90115	57
90172	52
90224	55
90280	58
90343	54
90397	61
90458	58
90516	57
90573	54
90627	60
90687	56
90743	50
90794	57
90851	58
90909	52
90961	59
91020	56
91076	51
91127	57
91184	57
91241	50
91291	61
91352	59
91411	61
91472	56
91528	73
91601	392
91993	72
92065	96
92161	60
92221	52
92273	58
92331	60
92391	55
92446	56
92502	57
92559	50
92609	65
92674	57
92732	54
92786	50
92836	78
92914	84
92998	93
93091	115
93206	119
93325	124
93449	113
93562	118
93680	69
93749	59
93808	90
93898	95
93993	124
94117	61
94178	51
94229	55
94284	568
94852	61
94913	50
94963	58
95021	57
95078	54
95132	57
95189	57
95246	51
95297	55
95352	61
95413	52
95465	58
95523	56
95579	49
95628	58
95686	55
95741	57
95798	54
95852	62
95914	59
95973	54
96027	56
96083	58
96141	50
96191	62
96253	55
96308	49
96357	61
96418	57
96475	51
96526	58
96584	56
96640	50
96690	51
96741	576
97317	60
97377	51
97428	57
97485	56
97541	54
97595	63
97658	58
97716	51
97767	57
97825	59
97884	50
97934	60
97994	62
98056	52
98108	61
98169	57
98226	57
98283	50
98333	63
98396	59
98455	52
98507	72
98579	63
98642	50
98692	62
98754	61
98815	53
98868	60
98928	57
98985	50
99035	59
99094	60
99154	62
99216	54
99270	57
99327	64
99391	52
99443	58
99501	59
99560	51
99611	63
99674	59
99733	51
99784	72
99856	57
99913	50
99963	72
100035	64
100099	67
100166	64
100231	60
100291	60
100351	54
100405	60
100465	60
100525	52
100577	59
100636	60
100696	52
100748	58
100806	58
100864	50
100914	61
100975	58
101033	53
101086	58
101144	57
101201	59
101260	50
101310	67
101377	60
101437	52
101489	58
101547	58
101605	49
101654	60
101714	60
101774	51
101825	60
101885	57
101942	60
102002	70
102072	68
102140	58
102198	50
102248	61
102309	61
102370	53
102423	60
102483	57
102541	51
102592	58
102650	63
102713	53
102766	59
102825	74
102899	75
102974	104
103078	96
103174	98
103272	110
103382	122
103504	113
103617	114
103731	113
103844	58
103902	54
103956	61
104017	62
104079	71
104150	84
104234	84
104318	50
104368	58
104426	56
104482	52
104534	59
104593	61
104654	61
104715	52
104767	58
104825	60
104885	50
104935	58
104993	59
105052	54
105106	62
105168	57
105225	52
105277	65
105342	58
105400	50
105450	59
105509	61
105570	58
105628	50
105678	60
105738	58
105796	50
105846	59
105905	58
105963	53
106016	59
106075	63
106138	53
106191	59
106250	64
106314	53
106367	60
106427	58
106485	52
106537	50
106587	60
106647	57
106709	57
106766	60
106826	58
106884	49
106933	61
106994	61
107055	53
107108	60
107168	58
107226	50
107276	57
107333	60
107393	52
107445	60
107505	59
107564	58
107622	53
107675	64
107739	59
107798	50
107848	59
107907	59
107966	53
108019	61
108080	63
108143	56
108199	58
108257	62
108319	51
108370	59
108429	60
108489	60
108549	52
108601	61
108662	59
108721	51
108772	59
108831	58
108889	52
108941	58
108999	57
109056	52
109108	62
109170	64
109234	53
109287	58
109345	59
109404	52
109456	54
109510	65
109575	61
109636	51
109687	59
109746	59
109805	51
109856	60
109916	61
109977	53
110030	64
110094	63
110157	50
110207	58
110267	60
110327	67
110394	62
110456	59
110515	59
110574	51
110625	59
110684	59
110743	51
110799	61
110860	60
110920	53
110973	62
111035	60
111095	51
111146	59
111205	70
111275	56
111331	63
111394	61
111455	60
111515	51
111566	59
111626	61
111687	54
111741	62
111803	61
111864	53
111917	58
111975	60
112035	55
112090	58
112148	59
112207	54
112261	58
112319	59
112378	51
112429	51
112480	60
112540	57
112597	53
112650	57
112707	57
112764	52
112816	58
112874	57
112931	50
112981	61
113042	61
113103	51
113154	59
113213	59
113272	52
113324	59
113383	61
113444	59
113503	57
113560	60
113620	58
113678	53
113731	60
113792	62
113854	52
113906	59
113965	67
114032	52
114084	59
114143	58
114201	52
114253	57
114310	58
114368	63
114431	51
114482	61
114543	61
114604	57
114661	59
114720	60
114780	53
114833	60
114893	60
114953	55
115008	59
115067	78
115145	52
115197	60
115257	57
115314	51
115365	51
115416	58
115474	57
115531	52
115583	58
115641	62
115703	49
115753	59
115812	60
115872	51
115923	57
115980	59
116039	51
116090	60
116150	57
116207	52
116259	546
116805	59
116864	59
116923	52
116975	59
117034	60
117094	51
117145	62
117207	57
117264	51
117315	59
117374	59
117433	52
117485	60
117545	58
117603	50
117653	59
117712	63
117775	58
117833	50
117883	60
117943	60
118003	52
118055	60
118115	60
118175	50
118225	61
118286	60
118346	53
118399	58
118457	61
118518	52
118570	62
118632	61
118693	51
118744	51
118795	61
118856	60
118916	49
118965	66
119032	61
119093	52
119145	59
119204	59
119263	50
119313	59
119372	61
119433	52
119485	57
119543	59
119602	53
119655	55
119710	57
119767	57
119824	51
119875	59
119934	57
119991	53
120044	60
120104	57
120161	50
120211	60
120271	59
120337	50
120387	57
120444	55
120499	54
120553	57
120610	57
120667	58
120725	52
120777	60
120837	57
120894	50
120944	57
121001	63
121064	50
121114	59
121173	59
121232	51
121283	57
121340	57
121397	52
121449	59
121508	64
121572	51
121623	50
121673	59
121732	56
121788	60
121848	61
121909	61
121970	52
122022	56
122078	61
122139	53
122192	57
122249	59
122308	54
122362	55
122418	58
122476	52
122528	61
122589	60
122649	60
122709	54
122763	56
122819	59
122878	53
122931	61
122992	59
123051	51
123102	59
123161	59
123220	51
123271	58
123329	59
123388	53
123441	57
123498	58
123556	57
123613	50
123663	58
123721	55
123776	52
123828	59
123887	56
123943	49
123992	57
124049	58
124107	54
124161	59
124220	59
124279	49
124328	57
124385	55
124440	53
124493	639
125132	58
125190	59
125249	52
125301	57
125358	59
125417	52
125469	58
125527	59
125586	52
125638	59
125697	60
125757	51
125808	59
125867	59
125926	52
125978	57
126035	59
126094	61
126155	54
126209	61
126270	58
126328	50
126378	58
126436	60
126496	49
126546	59
126605	59
126664	50
126714	60
126774	61
126836	50
126886	59
126945	60
127005	57
127062	51
127113	63
127176	65
127241	52
127293	63
127356	58
127414	53
127467	59
127527	57
127584	54
127638	57
127695	73
127768	50
127818	57
127876	57
127933	53
127986	58
128044	57
128101	59
128160	51
128211	58
128269	59
128328	55
128383	60
128443	60
128503	51
128554	59
128613	62
128675	50
128725	62
128788	60
128848	53
128901	58
128959	58
129017	62
129079	51
129130	58
129188	63
129251	50
129301	57
129358	59
129417	52
129469	58
129527	62
129589	54
129643	58
129701	59
129760	51
129811	60
129881	60
129941	57
129998	52
130050	60
130110	57
130167	55
130222	58
130280	57
130337	50
130388	60
130448	59
130507	55
130562	57
130619	59
130678	52
130730	59
130789	61
130850	52
130902	51
130953	58
131011	58
131069	50
131119	59
131178	57
131235	50
131285	64
131349	57
131406	54
131460	59
131519	66
131585	50
131636	58
131694	62
131756	53
131809	58
131867	58
131925	57
131982	49
132031	59
132090	58
132148	53
132201	56
132257	58
132315	50
132365	59
132425	60
132485	51
132536	60
132596	59
132655	50
132705	58
132763	62
132825	61
132886	50
132936	62
132998	58
133056	52
133108	63
133171	58
133229	53
133282	58
133341	58
133399	51
133450	61
133511	59
133570	51
133621	61
133682	67
133749	51
133800	54
133854	66
133920	59
133979	54
134033	61
134094	61
134155	53
134208	60
134268	60
134328	52
134380	59
134440	59
134499	52
134551	57
134608	61
134669	53
134722	60
134782	59
134842	58
134900	51
134951	59
135011	58
135069	51
135120	63
135183	60
135243	52
135295	59
135354	63
135417	52
135469	61
135530	62
135592	50
135642	60
135702	57
135759	60
135819	51
135870	58
135929	60
135989	51
136040	61
136101	58
136159	50
136209	65
136274	59
136333	52
136385	61
136446	60
136506	54
136560	60
136620	58
136678	54
136732	52
136784	59
136843	63
136906	52
136958	61
137019	63
137082	49
137131	60
137191	62
137253	50
137303	68
137371	62
137433	51
137485	60
137545	58
137603	51
137654	58
137712	61
137773	59
137832	52
137884	59
137943	58
138001	51
138052	59
138111	58
138170	51
138221	58
138279	58
138337	52
138389	58
138447	57
138504	54
138558	56
138614	63
138677	60
138737	51
138788	60
138848	62
138910	53
138963	63
139026	66
139092	52
139144	57
139201	60
139261	50
139311	60
139371	59
139430	51
139481	63
139544	58
139602	53
139655	54
139709	59
139768	58
139826	51
139877	59
139936	75
140011	79
140090	120
140210	159
140369	51
140420	57
140477	61
140538	51
140589	60
140649	57
140706	53
140759	60
140819	56
140875	57
140932	51
140983	62
141045	62
141107	53
141160	59
141219	61
141280	51
141331	57
141388	56
141444	54
141498	58
141556	61
141617	54
141671	61
141732	60
141792	59
141851	53
141904	59
141963	58
142021	58
142079	58
142137	60
142197	51
142248	58
142306	60
142366	52
142418	58
142476	60
142536	53
142589	58
142647	58
142705	51
142756	53
142809	57
142866	59
142925	55
142980	58
143038	57
143095	51
143146	58
143204	56
143260	53
143313	60
143373	58
143431	59
143490	59
143549	59
143608	51
143659	59
143718	58
143776	59
143835	50
143885	56
143941	59
144000	52
144052	57
144109	60
144169	51
144220	59
144279	55
144334	53
144387	58
144446	55
144501	49
144550	56
144606	58
144664	59
144723	53
144776	57
144833	55
144888	51
144939	57
144996	57
145053	59
145112	57
145169	58
145227	52
145279	64
145343	62
145405	52
145457	57
145514	68
145582	55
145637	52
145689	60
145749	60
145809	51
145860	61
145922	65
145987	51
146038	58
146096	57
146153	50
146203	60
146263	62
146325	51
146376	55
146431	59
146490	52
146542	63
146605	59
146664	63
146727	53
146780	57
146837	56
146893	54
146947	56
147003	67
147070	50
147120	61
147181	62
147243	52
147295	56
147351	59
147410	57
147467	62
147529	55
147584	57
147641	54
147695	58
147753	60
147813	51
147864	62
147926	57
147983	52
148035	57
148092	56
148148	52
148200	58
148258	64
148322	51
148373	58
148431	57
148488	55
148543	54
148598	57
148655	57
148712	52
148764	61
148825	58
148883	50
148934	58
148992	60
149052	52
149104	59
149163	59
149222	51
149273	79
149352	63
149415	57
149472	58
149530	60
149590	59
149649	51
149700	57
149757	57
149814	50
149864	59
149923	59
149982	55
150037	55
150092	60
150152	51
150203	56
150260	57
150325	75
150400	62
150462	68
150530	101
150631	70
150701	63
150764	63
150827	51
150878	59
150937	60
150997	50
151047	63
151110	74
151184	53
151237	69
151306	66
151372	73
151445	57
151502	83
151585	51
151636	55
151691	59
151750	66
151816	85
151901	59
151960	64
152024	87
152111	58
152169	101
152270	75
152345	190
152535	58
152593	89
152682	122
152804	91
152895	66
152961	62
153023	59
153082	84
153166	56
153222	108
153330	58
153388	109
153497	67
153564	112
153676	80
153757	130
153887	76
153963	53
154016	69
154085	65
154150	56
154206	90
154296	62
154358	64
154422	59
154481	62
154543	62
154605	50
154655	57
154712	83
154795	49
154844	57
154902	60
154962	53
155016	68
155084	58
155142	53
155195	57
155252	57
155309	55
155364	52
155416	69
155485	59
155544	55
155599	62
155661	61
155722	52
155774	67
155841	58
155899	50
155949	58
156007	63
156070	51
156121	60
156181	60
156241	52
156293	60
156353	59
156412	61
156473	53
156526	57
156583	56
156639	56
156695	57
156752	59
156811	52
156863	57
156920	60
156980	53
157033	60
157093	59
157152	53
157205	59
157264	57
157321	59
157380	53
157433	58
157491	58
157549	52
157601	62
157663	57
157720	53
157773	59
157832	57
157889	52
157941	59
158000	61
158061	53
158114	66
158180	60
158240	54
158294	49
158343	59
158402	58
158460	53
158513	114
158627	62
158689	56
158745	218
158963	100
159063	51
159114	79
159193	91
159284	50
159334	61
159395	207
159602	51
159653	56
159709	60
159769	57
159826	88
159914	58
159972	57
160029	53
160082	58
160141	60
160201	53
160254	63
160317	82
160399	50
160449	60
160509	96
160605	53
160658	60
160718	60
160778	60
160838	53
160891	60
160951	123
161074	66
161140	61
161201	72
161273	72
161345	77
161422	81
161503	78
161581	103
161684	59
161743	51
161794	59
161853	58
161911	53
161964	50
162014	66
162080	59
162139	51
162190	55
162245	56
162301	49
162350	57
162407	55
162462	52
162514	78
162592	60
162652	50
162702	56
162758	57
162815	51
162866	57
162923	56
162979	58
163037	51
163088	56
163144	58
163202	49
163251	58
163309	56
163365	52
163417	57
163474	55
163529	50
163579	58
163637	57
163694	51
163745	57
163803	57
163860	58
163918	53
163971	58
164029	57
164086	53
164139	58
164197	59
164256	95
164351	58
164409	58
164467	49
164516	58
164574	57
164631	50
164681	57
164738	66
164804	50
164854	51
164905	59
164964	57
165021	51
165072	85
165157	59
165216	52
165268	58
165327	60
165387	51
165438	57
165495	65
165560	51
165611	92
165703	100
165803	68
165871	61
165933	59
165992	59
166051	50
166101	60
166161	58
166219	50
166269	59
166328	74
166402	51
166453	59
166512	58
166570	51
166621	59
166680	57
166737	50
166787	60
166847	61
166908	56
166964	54
167018	58
167076	58
167134	52
167186	58
167244	58
167302	50
167352	59
167412	61
167474	51
167525	74
167599	58
167657	52
167709	56
167765	60
167825	52
167877	51
167928	59
167987	61
168048	55
168103	59
168162	58
168221	52
168273	57
168330	57
168387	49
168436	56
168493	59
168552	51
168604	58
168662	61
168723	50
168773	56
168829	61
168890	57
168947	50
168997	60
169057	56
169113	50
169163	59
169223	58
169281	51
169332	58
169390	57
169447	51
169498	60
169558	58
169616	51
169667	58
169725	59
169784	59
169843	50
169893	61
169954	57
170011	50
170061	60
170121	60
170181	49
170230	58
170288	58
170346	53
170399	61
170460	58
170518	52
170570	60
170630	61
170691	52
170743	50
170793	59
170852	58
170910	50
170960	59
171019	60
171079	50
171130	58
171188	67
171255	50
171305	59
171364	60
171424	52
171476	60
171536	58
171594	51
171646	59
171705	58
171763	62
171825	50
171875	58
171933	59
171992	51
172043	63
172106	57
172163	51
172214	58
172272	59
172331	51
172382	59
172441	640
173081	51
173132	59
173191	58
173249	64
173313	53
173366	58
173424	58
173482	50
173532	58
173590	58
173648	52
173700	61
173761	58
173819	59
173878	58
173936	61
173997	52
174049	68
174117	102
174219	62
174281	61
174342	82
174424	80
174504	50
174554	57
174611	62
174673	50
174723	61
174784	61
174845	50
174895	58
174953	59
175012	51
175063	58
175121	62
175183	52
175235	59
175294	61
175355	59
175414	50
175464	61
175525	58
175583	49
175632	60
175692	60
175752	50
175802	58
175860	58
175918	50
175968	59
176027	59
176086	50
176136	63
176200	59
176259	58
176317	51
176368	59
176427	59
176486	54
176540	93
176633	81
176714	80
176794	63
176857	60
176917	51
176968	61
177029	58
177087	53
177140	61
177201	60
177261	51
177313	52
177365	60
177425	59
177484	50
177534	59
177593	59
177652	52
177704	59
177763	60
177823	54
177877	62
177939	61
178000	55
178055	57
178112	60
178172	50
178222	63
178285	350
178635	61
178696	59
178755	60
178815	59
178874	51
178926	70
178996	66
179062	83
179145	77
179222	80
179302	53
179355	61
179416	59
179475	51
179526	60
179586	57
179643	58
179701	51
179752	61
179813	60
179873	52
179925	61
179986	60
180046	60
180106	58
180164	58
180222	53
180275	63
180338	59
180397	51
180448	59
180507	60
180567	52
180619	51
180670	59
180729	58
180787	55
180842	58
180900	58
180958	51
181009	59
181068	61
181129	51
181180	58
181238	58
181296	52
181348	59
181407	57
181464	50
181514	74
181588	80
181668	85
181753	86
181839	58
181897	57
181954	52
182006	58
182064	62
182126	60
182186	58
182244	58
182302	51
182354	59
182413	60
182473	50
182523	58
182581	60
182641	59
182700	50
182750	59
182809	60
182869	49
182918	58
182976	57
183033	51
183084	56
183140	60
183200	49
183249	60
183309	59
183368	55
183423	58
183481	57
183538	53
183591	50
183641	60
183701	58
183759	51
183810	60
183870	58
183928	51
183979	60
184039	57
184096	52
184148	58
184206	62
184268	56
184324	57
184381	56
184437	50
184487	58
184545	62
184607	58
184665	55
184720	59
184779	58
184837	50
184887	58
184945	57
185002	47
185049	106
185155	93
185248	78
185326	61
185387	58
185445	47
185492	64
185556	58
185614	59
185673	50
185723	60
185783	60
185843	50
185893	59
185952	58
186010	53
186063	59
186122	56
186178	50
186228	56
186284	60
186344	50
186394	57
186451	61
186512	50
186562	52
186614	57
186671	59
186730	53
186783	58
186841	58
186899	51
186950	58
187008	58
187066	50
187116	57
187173	59
187232	50
187282	60
187343	59
187402	52
187455	59
187514	57
187571	57
187628	42
187670	65
187735	59
187794	43
187837	64
187901	58
187959	54
188013	60
188073	58
188131	56
188187	58
188245	59
188304	51
188355	56
188411	58
188469	60
188529	54
188583	56
188639	57
188696	50
188746	57
188804	57
188861	50
188911	58
188969	57
189026	52
189078	57
189135	57
189192	50
189242	57
189299	55
189354	49
189403	51
189454	58
189512	57
189569	49
189618	58
189676	57
189733	47
189780	66
189846	66
189912	51
189963	56
190019	86
190105	80
190185	86
190271	76
190347	47
190394	60
190454	57
190511	57
190568	51
190619	59
190678	58
190736	51
190787	57
190844	56
190900	47
190947	65
191012	56
191068	51
191119	55
191174	56
191230	47
191277	60
191337	57
191394	61
191455	49
191504	56
191560	57
191617	37
191654	71
191725	57
191782	47
191829	62
191891	56
191947	40
191987	69
192056	68
192124	102
192226	76
192302	100
192402	67
192469	39
192508	111
192619	65
192684	94
192778	82
192860	113
192973	47
193020	67
193087	58
193145	49
193194	58
193252	56
193308	47
193355	61
193416	56
193472	47
193519	65
193584	60
193644	59
193703	50
193753	56
193809	56
193865	47
193912	60
193972	56
194028	48
194076	65
194141	57
194198	47
194245	61
194306	59
194365	47
194412	73
194485	58
194543	57
194600	51
194651	54
194706	60
194766	52
194818	58
194876	62
194938	51
194989	58
195047	636
195683	50
195733	59
195792	59
195851	50
195901	61
195962	59
196021	53
196074	51
196126	100
196226	58
196284	49
196333	58
196391	58
196449	50
196499	57
196556	57
196613	39
196652	71
196723	58
196781	40
196821	69
196890	59
196949	50
196999	57
197056	59
197115	57
197172	53
197225	59
197284	58
197342	50
197392	62
197454	58
197512	49
197561	61
197622	59
197681	41
197722	66
197788	60
197848	51
197899	57
197956	57
198013	59
198072	52
198124	60
198184	57
198241	47
198288	60
198348	61
198409	50
198459	59
198518	56
198574	47
198621	61
198682	56
198738	47
198785	59
198844	59
198903	52
198955	37
198992	71
199063	63
199126	47
199173	61
199234	58
199292	48
199340	60
199400	58
199458	45
199503	63
199566	57
199623	47
199670	62
199732	57
199789	48
199837	64
199901	57
199958	57
200015	39
200054	69
200123	57
200180	47
200227	65
200292	58
200350	47
200397	64
200461	56
200517	38
200555	72
200627	57
200684	50
200734	60
200794	57
200851	58
200909	52
200961	58
201020	61
201081	50
201131	58
201189	56
201245	51
201296	57
201353	58
201411	51
201462	60
201522	64
201586	50
201636	59
201695	57
201752	50
201802	51
201853	57
201910	57
201967	50
202017	56
202073	60
202133	36
202169	71
202240	58
202298	47
202345	62
202407	59
202466	49
202516	56
202572	58
202630	50
202680	58
202738	57
202795	58
202853	50
202903	57
202960	56
203016	47
203063	65
203128	58
203186	50
203236	56
203292	56
203348	50
203398	57
203455	57
203512	51
203563	58
203621	56
203677	56
203733	50
203783	58
203841	55
203896	48
203944	63
204007	56
204063	51
204114	57
204171	58
204229	50
204279	57
204336	55
204391	52
204443	61
204504	58
204562	51
204613	51
204664	58
204722	56
204778	50
204828	57
204885	58
204943	50
204993	55
205048	57
205105	47
205152	59
205211	58
205269	36
205305	72
205377	58
205435	47
205482	63
205545	56
205601	58
205659	47
205706	60
205766	57
205823	46
205869	67
205936	59
205995	47
206042	58
206100	55
206155	47
206202	58
206260	57
206317	50
206367	56
206423	57
206480	57
206537	48
206585	60
206645	57
206702	47
206749	61
206810	57
206867	39
206906	70
206976	56
207032	48
207080	61
207141	57
207198	47
207245	126
207371	58
207429	57
207486	75
207561	62
207623	58
207681	47
207728	64
207792	58
207850	47
207897	65
207962	60
208022	47
208069	64
208133	61
208194	48
208242	62
208304	59
208363	46
208409	64
208473	58
208531	78
208609	45
208654	65
208719	57
208776	48
208824	62
208886	59
208945	49
208994	72
209066	62
209128	63
209191	58
209249	58
209307	47
209354	65
209419	58
209477	57
209534	37
209571	72
209643	57
209700	47
209747	102
209849	109
209958	63
210021	85
210106	98
210204	47
210251	65
210316	58
210374	47
210421	61
210482	58
210540	52
210592	46
210639	62
210701	58
210759	47
210806	62
210868	58
210926	47
210973	62
211035	56
211091	50
211141	58
211199	56
211255	47
211302	61
211363	60
211423	94
211517	100
211617	78
211696	88
211784	63
211847	95
211942	107
212049	86
212135	80
212215	102
212317	47
212364	66
212430	58
212488	51
212539	58
212597	56
212653	50
212703	59
212762	58
212820	58
212878	42
212920	67
212987	58
213045	77
213122	64
213186	75
213261	59
213320	67
213387	57
213444	47
213491	62
213553	82
213635	48
213683	62
213745	58
213803	36
213839	53
213892	72
213964	57
214021	47
214068	63
214131	58
214189	63
214252	68
214320	61
214381	63
214444	80
214539	83
214623	78
214701	77
214778	86
214864	47
214911	100
215011	84
215095	92
215187	79
215266	112
215378	73
215451	79
215530	67
215597	57
215654	63
215717	91
215808	76
215884	118
216002	108
216110	114
216224	109
216333	58
216391	78
216469	65
216534	68
216602	78
216680	73
216753	47
216800	60
216860	58
216918	39
216957	69
217026	57
217083	40
217123	71
217194	56
217250	47
217297	61
217358	56
217414	51
217465	40
217505	68
217573	58
217631	47
217678	62
217740	58
217798	47
217845	60
217905	58
217963	53
218016	62
218078	58
218136	47
218183	62
218245	58
218303	47
218350	62
218412	638
219050	64
219114	74
219188	61
219249	59
219308	48
219356	61
219417	57
219474	47
219521	62
219583	57
219640	48
219688	61
219749	65
219814	47
219861	65
219926	59
219985	59
220044	48
220092	63
220155	65
220220	48
220268	65
220333	57
220390	48
220438	61
220499	57
220556	49
220605	63
220668	57
220725	47
220772	66
220838	65
220903	47
220950	42
220992	56
221064	58
221122	51
221173	56
221229	58
221287	47
221334	64
221398	65
221463	63
221526	62
221588	59
221647	41
221688	70
221758	58
221816	47
221863	62
221925	58
221983	60
222043	47
222090	61
222151	59
222210	46
222256	62
222318	58
222376	48
222424	61
222485	57
222542	47
222589	61
222650	58
222708	47
222755	64
222819	58
222877	60
222937	47
222984	64
223048	59
223107	48
223155	62
223217	58
223275	49
223324	61
223385	60
223445	632
224077	64
224141	60
224201	47
224248	63
224311	61
224372	51
224423	40
224463	70
224533	59
224592	48
224640	59
224699	58
224757	48
224805	62
224867	60
224927	47
224974	63
225037	57
225094	45
225139	65
225204	59
225263	47
225310	63
225373	61
225434	58
225492	48
225540	64
225604	59
225663	47
225710	62
225772	60
225832	47
225879	66
225945	60
226005	47
226052	64
226116	57
226173	46
226219	60
226279	57
226336	57
226393	47
226440	62
226502	60
226562	53
226615	61
226676	59
226735	47
226782	65
226847	59
226906	48
226954	65
227019	63
227082	41
227123	71
227194	59
227253	48
227301	43
227344	71
227415	59
227474	47
227521	63
227584	59
227643	47
227690	64
227754	58
227812	48
227860	60
227920	60
227980	47
228027	61
228088	59
228147	48
228195	66
228261	60
228321	57
228378	48
228426	64
228490	56
228546	54
228600	58
228658	56
228714	47
228761	61
228822	58
228880	47
228927	59
228986	58
229044	47
229091	67
229158	57
229215	57
229272	47
229319	63
229382	56
229438	47
229485	63
229548	60
229608	51
229659	60
229719	56
229775	48
229823	61
229884	57
229941	47
229988	63
230051	56
230107	93
230200	60
230260	58
230318	56
230374	48
230422	66
230488	58
230546	50
230596	57
230653	60
230713	60
230773	88
230861	90
230951	62
231013	110
231123	89
231212	56
231268	56
231324	57
231381	56
231437	47
231484	62
231546	56
231602	100
231702	77
231779	107
231886	63
231949	118
232067	104
232171	48
232219	59
232278	56
232334	38
232372	72
232444	56
232500	60
232560	54
232614	56
232670	56
232726	47
232773	59
232832	57
232889	47
232936	62
232998	57
233055	53
233108	56
233164	59
233223	47
233270	63
233333	57
233390	81
233471	66
233537	61
233598	58
233656	48
233704	63
233767	58
233825	47
233872	61
233933	57
233990	48
234038	60
234098	58
234156	47
234203	61
234264	57
234321	47
234368	64
234432	62
234494	58
234552	51
234603	58
234661	57
234718	47
234765	62
234827	59
234886	47
234933	64
234997	57
235054	51
235105	58
235163	58
235221	47
235268	65
235333	58
235391	58
235449	51
235500	58
235558	60
235618	38
235656	70
235726	58
235784	47
235831	62
235893	58
235951	47
235998	63
236061	63
236124	46
236170	63
236233	57
236290	47
236337	40
236377	71
236448	58
236506	51
236557	56
236613	72
236685	47
236732	67
236799	57
236856	47
236903	61
236964	57
237021	52
237073	57
237130	57
237187	48
237235	64
237299	61
237360	57
237417	48
237465	64
237529	57
237586	37
237623	69
237692	58
237750	47
237797	64
237861	56
237917	47
237964	62
238026	57
238083	40
238123	72
238195	57
238252	57
238309	47
238356	59
238415	55
238470	47
238517	59
238576	56
238632	52
238684	58
238742	61
238803	48
238851	59
238910	58
238968	39
239007	70
239077	60
239137	54
239191	48
239239	62
239301	58
239359	47
239406	63
239469	57
239526	47
239573	61
239634	57
239691	49
239740	58
239798	57
239855	48
239903	61
239964	58
240022	47
240069	61
240130	56
240186	58
240244	50
240294	57
240351	57
240408	48
240456	59
240515	57
240572	50
240622	58
240680	58
240738	53
240791	56
240847	58
240905	47
240952	65
241017	58
241075	59
241134	37
241171	75
241246	57
241303	50
241353	58
241411	60
241471	46
241517	63
241580	57
241637	48
241685	60
241745	57
241802	51
241853	58
241911	58
241969	48
242017	42
242059	70
242129	60
242189	47
242236	63
242299	58
242357	54
242411	59
242470	57
242527	47
242574	61
242635	58
242693	47
242740	65
242805	57
242862	51
242913	57
242970	63
243033	60
243093	47
243140	65
243205	58
243263	47
243310	61
243371	58
243429	45
243474	64
243538	58
243596	44
243640	68
243708	58
243766	48
243814	62
243876	57
243933	59
243992	47
244039	66
244105	60
244165	47
244212	62
244274	58
244332	47
244379	69
244448	58
244506	49
244555	59
244614	58
244672	47
244719	65
244784	57
244841	48
244889	42
244931	71
245002	58
245060	50
245110	57
245167	58
245225	47
245272	65
245337	57
245394	48
245442	62
245504	58
245562	45
245607	64
245671	57
245728	47
245775	62
245837	56
245893	58
245951	47
245998	61
246059	59
246118	37
246155	72
246227	57
246284	46
246330	60
246390	56
246446	48
246494	62
246556	57
246613	44
246657	65
246722	58
246780	58
246838	47
246885	64
246949	57
247006	48
247054	61
247115	58
247173	49
247222	60
247282	59
247341	621
247962	69
248031	58
248089	54
248143	59
248202	60
248262	47
248309	43
248352	70
248422	61
248483	47
248530	65
248595	57
248652	48
248700	61
248761	57
248818	47
248865	59
248924	59
248983	41
249024	66
249090	60
249150	48
249198	61
249259	55
249314	57
249371	48
249419	60
249479	66
249545	48
249593	68
249661	57
249718	47
249765	61
249826	56
249882	48
249930	63
249993	57
250050	51
250101	58
250159	57
250216	60
250276	51
250327	57
250384	56
250440	47
250487	61
250548	58
250606	50
250656	58
250714	59
250773	47
250820	60
250880	60
250940	46
250986	62
251048	57
251105	50
251155	41
251196	67
251263	56
251319	47
251366	61
251427	55
251482	47
251529	62
251591	56
251647	48
251695	62
251757	57
251814	47
251861	61
251922	58
251980	47
252027	62
252089	56
252145	56
252201	48
252249	59
252308	57
252365	47
252412	638
253050	56
253106	50
253156	58
253214	57
253271	47
253318	60
253378	58
253436	47
253483	60
253543	61
253604	56
253660	47
253707	61
253768	58
253826	48
253874	61
253935	57
253992	51
254043	81
254124	58
254182	47
254229	62
254291	58
254349	47
254396	61
254457	58
254515	62
254577	53
254630	58
254688	58
254746	47
254793	60
254853	57
254910	48
254958	64
255022	57
255079	60
255139	58
255197	57
255254	48
255302	61
255363	58
255421	48
255469	62
255531	58
255589	59
255648	43
255691	65
255756	58
255814	46
255860	61
255921	57
255978	47
256025	91
256116	57
256173	50
256223	55
256278	60
256338	47
256385	60
256445	57
256502	57
256559	52
256611	58
256669	58
256727	47
256774	68
256842	58
256900	47
256947	61
257008	58
257066	51
257117	59
257176	56
257232	41
257273	68
257341	61
257402	47
257449	42
257491	72
257563	58
257621	50
257671	60
257731	59
257790	49
257839	63
257902	57
257959	47
258006	60
258066	58
258124	48
258172	66
258238	60
258298	41
258339	66
258405	85
258490	56
258546	51
258597	56
258653	58
258711	48
258759	60
258819	58
258877	47
258924	64
258988	57
259045	47
259092	58
259150	58
259208	48
259256	60
259316	61
259377	57
259434	48
259482	62
259544	57
259601	39
259640	69
259709	56
259765	48
259813	62
259875	56
259931	47
259978	64
260042	57
260099	41
260140	68
260208	60
260268	47
260315	42
260357	70
260427	57
260484	48
260532	62
260594	59
260653	48
260701	61
260762	57
260819	47
260866	60
260926	57
260983	47
261030	60
261090	60
261150	46
261196	62
261258	55
261313	55
261368	46
261414	61
261475	57
261532	47
261579	63
261642	59
261701	47
261748	61
261809	58
261867	48
261915	60
261975	59
262034	47
262081	64
262145	58
262203	57
262260	47
262307	61
262368	57
262425	48
262473	61
262534	57
262591	50
262641	56
262697	57
262754	47
262801	61
262862	57
262919	47
262966	62
263028	56
263084	52
263136	38
263174	70
263244	57
263301	48
263349	61
263410	56
263466	47
263513	64
263577	57
263634	40
263674	68
263742	57
263799	47
263846	59
263905	56
263961	48
264009	61
264070	57
264127	58
264185	47
264232	64
264296	57
264353	47
264400	62
264462	57
264519	47
264566	61
264627	56
264683	48
264731	60
264791	56
264847	47
264894	64
264958	56
265014	56
265070	51
265121	58
265179	56
265235	47
265282	60
265342	59
265401	47
265448	63
265511	56
265567	51
265618	57
265675	57
265732	42
265774	68
265842	57
265899	78
265977	62
266039	58
266097	55
266152	47
266199	59
266258	56
266314	46
266360	59
266419	55
266474	47
266521	62
266583	57
266640	47
266687	63
266750	57
266807	47
266854	65
266919	57
266976	57
267033	47
267080	68
267148	57
267205	48
267253	60
267313	58
267371	47
267418	62
267480	58
267538	47
267585	61
267646	57
267703	47
267750	61
267811	57
267868	56
267924	47
267971	61
268032	57
268089	51
268140	59
268199	57
268256	48
268304	59
268363	56
268419	47
268466	60
268526	55
268581	43
268624	65
268689	56
268745	47
268792	44
268836	71
268907	61
268968	47
269015	61
269076	57
269133	40
269173	71
269244	58
269302	47
269349	59
269408	57
269465	47
269512	60
269572	59
269631	47
269678	62
269740	59
269799	60
269859	48
269907	64
269971	58
270029	47
270076	68
270144	59
270203	47
270250	62
270312	59
270371	47
270418	65
270483	58
270541	47
270588	69
270657	59
270716	61
270777	47
270824	62
270886	60
270946	51
270997	59
271056	60
271116	40
271156	73
271229	58
271287	47
271334	60
271394	57
271451	47
271498	64
271562	61
271623	50
271673	39
271712	72
271784	59
271843	47
271890	64
271954	59
272013	49
272062	58
272121	60
272181	47
272228	63
272291	62
272353	48
272401	62
272463	60
272523	47
272570	63
272633	58
272691	61
272752	47
272799	62
272861	58
272919	48
272967	62
273029	59
273088	51
273139	59
273198	59
273257	47
273304	66
273370	58
273428	48
273476	62
273538	59
273597	60
273657	50
273707	60
273767	63
273830	47
273877	63
273940	60
274000	47
274047	60
274107	56
274163	53
274216	57
274273	56
274329	48
274377	65
274442	59
274501	48
274549	41
274590	70
274660	56
274716	51
274767	57
274824	55
274879	47
274926	59
274985	56
275041	48
275089	61
275150	57
275207	50
275257	55
275312	57
275369	47
275416	63
275479	56
275535	58
275593	49
275642	59
275701	59
275760	49
275809	58
275867	66
275933	47
275980	60
276040	56
276096	44
276140	70
276210	54
276264	50
276314	59
276373	56
276429	57
276486	46
276532	70
276602	57
276659	48
276707	61
276768	56
276824	50
276874	58
276932	56
276988	47
277035	63
277098	61
277159	343
277502	74
277576	58
277634	40
277674	48
277722	69
277791	58
277849	49
277898	58
277956	58
278014	48
278062	61
278123	57
278180	48
278228	64
278292	58
278350	47
278397	60
278457	57
278514	48
278562	61
278623	58
278681	59
278740	48
278788	62
278850	56
278906	53
278959	57
279017	58
279075	51
279126	59
279185	58
279243	47
279290	63
279353	58
279411	48
279459	61
279520	59
279579	62
279641	48
279689	61
279750	60
279810	47
279857	64
279921	58
279979	52
280031	59
280090	56
280146	47
280193	63
280256	58
280314	47
280361	61
280422	58
280480	50
280530	45
280575	67
280642	57
280699	48
280747	61
280808	57
280865	47
280912	61
280973	58
281031	51
281082	58
281140	57
281197	47
281244	62
281306	56
281362	47
281409	61
281470	57
281527	57
281584	42
281626	68
281694	59
281753	47
281800	65
281865	59
281924	47
281971	64
282035	58
282093	50
282144	60
282204	58
282262	48
282310	60
282370	58
282428	57
282485	48
282533	61
282594	57
282651	41
282692	70
282762	57
282819	48
282867	61
282928	58
282986	48
283034	63
283097	57
283154	51
283205	58
283263	59
283322	47
283369	42
283411	70
283481	58
283539	47
283586	62
283648	61
283709	48
283757	65
283822	57
283879	48
283927	69
283996	58
284054	50
284104	58
284162	58
284220	54
284274	58
284332	58
284390	58
284448	47
284495	62
284557	59
284616	41
284657	69
284726	62
284788	38
284826	73
284899	55
284954	48
285002	65
285067	57
285124	49
285173	58
285231	60
285291	58
285349	41
285390	69
285459	58
285517	48
285565	602
286167	57
286224	47
286271	59
286330	59
286389	50
286439	59
286498	58
286556	51
286607	60
286667	59
286726	47
286773	58
286831	70
286901	58
286959	47
287006	61
287067	58
287125	48
287173	61
287234	57
287291	47
287338	63
287401	57
287458	48
287506	61
287567	61
287628	47
287675	62
287737	59
287796	58
287854	48
287902	62
287964	58
288022	48
288070	143
288213	58
288271	48
288319	63
288382	58
288440	51
288491	57
288548	57
288605	37
288642	74
288716	60
288776	59
288835	47
288882	62
288944	57
289001	51
289052	59
289111	59
289170	47
289217	63
289280	60
289340	47
289387	61
289448	59
289507	51
289558	59
289617	58
289675	48
289723	42
289765	70
289835	58
289893	47
289940	62
290002	58
290060	51
290111	58
290169	59
290228	47
290275	61
290336	58
290394	47
290441	648
291089	60
291149	44
291193	63
291256	57
291313	57
291370	47
291417	61
291478	58
291536	47
291583	65
291648	58
291706	36
291742	74
291816	59
291875	47
291922	62
291984	60
292044	47
292091	61
292152	58
292210	59
292269	47
292316	61
292377	58
292435	47
292482	63
292545	58
292603	39
292642	74
292716	61
292777	47
292824	63
292887	59
292946	47
292993	65
293058	58
293116	42
293158	49
293207	70
293277	60
293337	48
293385	63
293448	57
293505	47
293552	65
293617	59
293676	47
293723	70
293793	57
293850	48
293898	68
293966	61
294027	48
294075	62
294137	62
294199	60
294259	50
294309	58
294367	59
294426	47
294473	63
294536	57
294593	49
294642	56
294698	59
294757	47
294804	61
294865	59
294924	47
294971	61
295032	57
295089	56
295145	47
295192	63
295255	57
295312	47
295359	61
295420	58
295478	47
295525	67
295592	58
295650	41
295691	66
295757	55
295812	47
295859	62
295921	58
295979	47
296026	56
296082	57
296139	56
296195	47
296242	62
296304	57
296361	47
296408	62
296470	57
296527	47
296574	61
296635	58
296693	47
296740	66
296806	59
296865	47
296912	63
296975	58
297033	58
297091	51
297142	59
297201	118
297319	47
297366	67
297433	66
297499	51
297550	59
297609	59
297668	47
297715	65
297780	62
297842	47
297889	64
297953	59
298012	64
298076	50
298126	60
298186	59
298245	48
298293	65
298358	60
298418	47
298465	63
298528	60
298588	49
298637	61
298698	59
298757	47
298804	67
298871	58
298929	47
298976	42
299018	70
299088	59
299147	47
299194	62
299256	60
299316	47
299363	71
299434	58
299492	47
299539	64
299603	59
299662	47
299709	65
299774	59
299833	47
299880	64
299944	57
