0	47
47	74
121	61
182	52
234	58
292	57
349	47
396	64
460	58
518	47
565	63
628	56
684	53
737	57
794	57
851	57
908	47
955	75
1030	57
1087	46
1133	60
1193	58
1251	45
1296	63
1359	56
1415	47
1462	66
1528	58
1586	47
1633	63
1696	61
1757	59
1816	47
1863	63
1926	58
1984	47
2031	62
2093	58
2151	46
2197	63
2260	57
2317	47
2364	61
2425	60
2485	47
2532	61
2593	58
2651	81
2732	53
2785	57
2842	58
2900	47
2947	61
3008	57
3065	47
3112	63
3175	57
3232	48
3280	59
3339	63
3402	47
3449	60
3509	56
3565	48
3613	61
3674	59
3733	57
3790	47
3837	64
3901	57
3958	47
4005	64
4069	58
4127	47
4174	63
4237	57
4294	48
4342	66
4408	59
4467	47
4514	70
4584	58
4642	75
4717	48
4765	62
4827	62
4889	47
4936	64
5000	57
5057	47
5104	62
5166	60
5226	39
5265	71
5336	59
5395	47
5442	66
5508	57
5565	47
5612	58
5670	58
5728	56
5784	48
5832	61
5893	57
5950	48
5998	58
6056	62
6118	47
6165	62
6227	58
6285	47
6332	59
6391	59
6450	48
6498	63
6561	58
6619	60
6679	52
6731	59
6790	58
6848	47
6895	66
6961	57
7018	56
7074	60
7134	62
7196	50
7247	58
7305	57
7362	47
7409	63
7472	58
7530	58
7588	52
7640	56
7696	61
7757	40
7797	67
7864	59
7923	47
7970	61
8031	58
8089	51
8140	58
8198	57
8255	58
8313	58
8371	56
8427	48
8475	56
8531	57
8588	56
8644	51
8695	56
8751	58
8809	47
8856	63
8919	56
8975	48
9023	63
9086	58
9144	51
9195	59
9254	58
9312	48
9360	63
9423	60
9483	59
9542	47
9589	66
9655	62
9717	51
9768	60
9828	59
9887	62
9949	62
10011	60
10071	47
10118	65
10183	59
10242	53
10295	59
10354	59
10413	60
10473	47
10520	67
10587	61
10648	48
10696	64
10760	57
10817	47
10864	67
10931	58
10989	46
11035	64
11099	59
11158	50
11208	59
11267	66
11333	48
11381	76
11457	69
11526	644
12170	50
12220	60
12280	60
12340	52
12392	60
12452	59
12511	47
12558	65
12623	61
12684	48
12732	61
12793	59
12852	50
12902	59
12961	57
13018	60
13078	62
13140	64
13204	58
13262	47
13309	64
13373	61
13434	48
13482	63
13545	62
13607	48
13655	63
13718	58
13776	48
13824	65
13889	59
13948	58
14006	47
14053	66
14119	59
14178	51
14230	58
14288	59
14347	47
14394	64
14458	59
14517	47
14564	67
14631	59
14690	52
14742	58
14800	59
14859	47
14906	44
14950	72
15022	59
15081	47
15128	63
15191	60
15251	47
15298	63
15361	57
15418	47
15465	63
15528	58
15586	47
15633	61
15694	58
15752	47
15799	60
15859	57
15916	56
15972	47
16019	62
16081	57
16138	78
16216	59
16275	57
16332	47
16379	63
16442	59
16501	47
16548	62
16610	56
16666	51
16717	56
16773	60
16833	56
16889	48
16937	61
16998	59
17057	47
17104	63
17167	64
17231	37
17268	71
17339	58
17397	47
17444	67
17511	57
17568	47
17615	63
17678	60
17738	44
17782	46
17828	73
17901	57
17958	47
18005	61
18066	58
18124	47
18171	60
18231	56
18287	47
18334	61
18395	58
18453	48
18501	60
18561	58
18619	47
18666	60
18726	56
18782	57
18839	47
18886	69
18955	59
19014	48
19062	66
19128	59
19187	52
19239	57
19296	55
19351	47
19398	67
19465	55
19520	47
19567	60
19627	61
19688	58
19746	37
19783	71
19854	58
19912	47
19959	61
20020	57
20077	48
20125	63
20188	60
20248	48
20296	60
20356	56
20412	47
20459	61
20520	59
20579	47
20626	42
20668	70
20738	60
20798	52
20850	57
20907	58
20965	47
21012	59
21071	56
21127	47
21174	60
21234	56
21290	47
21337	64
21401	58
21459	63
21522	61
21583	59
21642	58
21700	56
21756	61
21817	59
21876	58
21934	59
21993	59
22052	47
22099	63
22162	60
22222	43
22265	65
22330	60
22390	50
22440	61
22501	58
22559	57
22616	47
22663	70
22733	58
22791	47
22838	63
22901	58
22959	51
23010	57
23067	58
23125	48
23173	62
23235	59
23294	47
23341	62
23403	59
23462	52
23514	50
23564	58
23622	60
23682	52
23734	59
23793	58
23851	47
23898	64
23962	58
24020	51
24071	61
24132	56
24188	51
24239	57
24296	59
24355	47
24402	70
24472	57
24529	61
24590	47
24637	63
24700	60
24760	38
24798	73
24871	57
24928	47
24975	63
25038	61
25099	50
25149	68
25217	56
25273	48
25321	68
25389	57
25446	57
25503	48
25551	62
25613	56
25669	54
25723	56
25779	58
25837	47
25884	62
25946	56
26002	47
26049	61
26110	64
26174	51
26225	56
26281	56
26337	48
26385	41
26426	71
26497	58
26555	47
26602	63
26665	57
26722	44
26766	65
26831	55
26886	44
26930	66
26996	77
27073	41
27114	67
27181	58
27239	42
27281	66
27347	57
27404	57
27461	47
27508	64
27572	56
27628	47
27675	65
27740	58
27798	47
27845	62
27907	68
27975	47
28022	62
28084	57
28141	47
28188	61
28249	56
28305	57
28362	46
28408	59
28467	56
28523	47
28570	60
28630	54
28684	51
28735	56
28791	58
28849	47
28896	60
28956	57
29013	47
29060	60
29120	58
29178	51
29229	37
29266	71
29337	56
29393	47
29440	60
29500	62
29562	47
29609	63
29672	60
29732	50
29782	59
29841	56
29897	51
29948	57
30005	56
30061	48
30109	63
30172	57
30229	57
30286	47
30333	62
30395	56
30451	46
30497	59
30556	57
30613	48
30661	62
30723	57
30780	48
30828	60
30888	58
30946	37
30983	71
31054	56
31110	57
31167	52
31219	57
31276	58
31334	47
31381	67
31448	57
31505	47
31552	63
31615	58
31673	51
31724	58
31782	56
31838	48
31886	63
31949	57
32006	43
32049	47
32096	73
32169	60
32229	37
32266	73
32339	58
32397	47
32444	61
32505	59
32564	36
32600	71
32671	59
32730	53
32783	60
32843	58
32901	47
32948	59
33007	59
33066	59
33125	48
33173	62
33235	58
33293	47
33340	61
33401	58
33459	48
33507	66
33573	55
33628	47
33675	66
33741	57
33798	47
33845	64
33909	60
33969	59
34028	47
34075	60
34135	56
34191	51
34242	59
34301	57
34358	47
34405	64
34469	57
34526	48
34574	63
34637	57
34694	52
34746	56
34802	58
34860	47
34907	42
34949	58
35022	57
35079	47
35126	65
35191	60
35251	48
35299	61
35360	58
35418	47
35465	66
35531	57
35588	48
35636	66
35702	56
35758	47
35805	62
35867	58
35925	57
35982	47
36029	67
36096	56
36152	47
36199	64
36263	55
36318	47
36365	67
36432	57
36489	48
36537	59
36596	56
36652	48
36700	61
36761	56
36817	60
36877	47
36924	61
36985	57
37042	47
37089	61
37150	57
37207	43
37250	66
37316	57
37373	47
37420	62
37482	57
37539	47
37586	60
37646	57
37703	51
37754	46
37800	130
37930	57
37987	47
38034	61
38095	56
38151	47
38198	62
38260	58
38318	50
38368	59
38427	57
38484	47
38531	63
38594	56
38650	47
38697	61
38758	57
38815	59
38874	42
38916	66
38982	58
39040	48
39088	60
39148	57
39205	50
39255	57
39312	60
39372	50
39422	58
39480	57
39537	47
39584	66
39650	58
39708	58
39766	49
39815	60
39875	58
39933	50
39983	61
40044	58
40102	47
40149	74
40223	60
40283	47
40330	68
40398	59
40457	44
40501	65
40566	61
40627	48
40675	45
40720	68
40788	58
40846	47
40893	65
40958	58
41016	485
41501	68
41569	60
41629	47
41676	69
41745	63
41808	48
41856	66
41922	60
41982	47
42029	63
42092	59
42151	59
42210	40
42250	68
42318	59
42377	47
42424	64
42488	60
42548	50
42598	57
42655	58
42713	50
42763	57
42820	58
42878	48
42926	65
42991	59
43050	62
43112	38
43150	77
43227	63
43290	47
43337	61
43398	59
43457	47
43504	61
43565	59
43624	53
43677	61
43738	59
43797	47
43844	62
43906	56
43962	47
44009	43
44052	74
44126	64
44190	51
44241	59
44300	61
44361	47
44408	61
44469	58
44527	48
44575	63
44638	60
44698	50
44748	59
44807	59
44866	47
44913	68
44981	58
45039	58
45097	48
45145	66
45211	61
45272	47
45319	72
45391	61
45452	48
45500	66
45566	59
45625	47
45672	67
45739	61
45800	47
45847	63
45910	619
46529	63
46592	47
46639	62
46701	60
46761	56
46817	57
46874	58
46932	47
46979	65
47044	58
47102	48
47150	63
47213	58
47271	47
47318	71
47389	59
47448	47
47495	42
47537	71
47608	59
47667	51
47718	59
47777	57
47834	50
47885	65
47950	58
48008	46
48054	63
48117	58
48175	52
48227	57
48284	61
48345	46
48391	62
48453	57
48510	58
48568	47
48615	65
48680	63
48743	39
48782	71
48853	58
48911	51
48962	58
49020	56
49076	47
49123	61
49184	57
49241	43
49284	69
49353	58
49411	61
49472	45
49517	66
49583	57
49640	47
49687	62
49749	59
49808	47
49855	66
49921	56
49977	51
50028	59
50087	57
50144	47
50191	63
50254	56
50310	47
50357	43
50400	72
50472	58
50530	37
50567	72
50639	62
50701	51
50752	65
50817	59
50876	48
50924	62
50986	61
51047	37
51099	60
51159	57
51216	50
51266	63
51329	56
51385	60
51445	47
51492	69
51561	61
51622	47
51669	71
51740	57
51797	51
51848	61
51909	59
51968	47
52015	61
52076	59
52135	47
52182	70
52252	57
52309	61
52370	47
52417	63
52480	59
52539	47
52586	63
52649	61
52710	50
52760	57
52817	57
52874	47
52921	63
52984	59
53043	47
53090	68
53158	62
53220	48
53268	40
53308	73
53381	59
53440	48
53488	63
53551	56
53607	47
53654	72
53726	57
53783	47
53830	63
53893	58
53951	47
53998	65
54063	60
54123	47
54170	70
54240	59
54299	59
54358	47
54405	62
54467	75
54542	448
54990	67
55057	63
55120	47
55167	63
55230	60
55290	44
55334	66
55400	59
55459	48
55507	66
55573	60
55633	61
55694	50
55744	59
55803	61
55864	51
55915	63
55978	61
56039	47
56086	64
56150	58
56208	50
56258	63
56321	59
56380	37
56417	74
56491	64
56555	47
56602	46
56648	72
56720	59
56779	48
56827	59
56886	59
56945	47
56992	62
57054	57
57111	48
57159	61
57220	58
57278	47
57325	62
57387	58
57445	39
57484	69
57553	59
57612	60
57672	51
57723	57
57780	56
57836	47
57883	62
57945	57
58002	47
58049	63
58112	59
58171	52
58223	57
58280	61
58341	48
58389	63
58452	59
58511	60
58571	47
58618	68
58686	57
58743	41
58784	66
58850	59
58909	47
58956	68
59024	64
59088	47
59135	63
59198	59
59257	42
59299	67
59366	58
59424	47
59471	44
59515	71
59586	58
59644	48
59692	63
59755	60
59815	46
59861	64
59925	59
59984	47
60031	71
60102	59
60161	50
60211	61
60272	60
60332	47
60379	65
60444	58
60502	58
60560	52
60612	61
60673	60
60733	50
60783	59
60842	63
60905	47
60952	64
61016	60
61076	52
61128	61
61189	64
61253	47
61300	72
61372	58
61430	58
61488	47
61535	63
61598	61
61659	52
61711	58
61769	58
61827	48
61875	64
61939	58
61997	48
62045	64
62109	63
62172	55
62227	60
62287	57
62344	47
62391	105
62496	63
62559	59
62618	47
62665	64
62729	57
62786	48
62834	68
62902	58
62960	46
63006	63
63069	61
63130	48
63178	75
63253	59
63312	47
63359	69
63428	59
63487	62
63549	47
63596	66
63662	63
63725	52
63777	65
63842	60
63902	47
63949	62
64011	66
64077	47
64124	63
64187	59
64246	53
64299	60
64359	57
64416	61
64477	47
64524	68
64592	59
64651	47
64698	62
64760	57
64817	50
64867	59
64926	59
64985	47
65032	69
65101	58
65159	50
65209	59
65269	61
65330	50
65380	37
65417	71
65488	63
65551	47
65598	70
65668	64
65732	36
65768	73
65841	61
65902	50
65952	58
66010	59
66069	47
66116	62
66178	58
66236	47
66283	62
66345	62
66407	59
66466	51
66517	60
66577	60
66637	47
66684	63
66747	59
66806	47
66853	67
66920	58
66978	39
67017	69
67086	62
67148	47
67195	63
67258	58
67316	58
67374	47
67421	62
67483	56
67539	47
67586	63
67649	60
67709	52
67761	56
67817	57
67874	46
67920	61
67981	57
68038	45
68083	69
68152	57
68209	43
68252	46
68298	70
68368	57
68425	47
68472	61
68533	57
68590	47
68637	62
68699	58
68757	43
68800	66
68866	61
68927	47
68974	61
69035	59
69094	58
69152	59
69211	56
69267	58
69325	47
69372	63
69435	59
69494	48
69542	63
69605	56
69661	55
69716	57
69773	56
69829	47
69876	63
69939	58
69997	47
70044	64
70108	64
70172	57
70229	51
70280	58
70338	57
70395	47
70442	61
70503	56
70559	48
70607	63
70670	57
70727	41
70768	69
70837	58
70895	47
70942	61
71003	57
71060	48
71108	41
71149	72
71221	61
71282	47
71329	63
71392	60
71452	48
71500	68
71568	65
71633	47
71680	66
71746	58
71804	48
71852	62
71914	62
71976	47
72023	61
72084	57
72141	58
72199	53
72252	60
72312	63
72375	46
72421	64
72485	59
72544	47
72591	64
72655	61
72716	51
72767	62
72829	57
72886	47
72933	63
72996	56
73052	60
73112	48
73160	62
73222	57
73279	56
73335	60
73395	58
73453	47
73500	65
73565	60
73625	47
73672	63
73735	58
73793	53
73846	62
73908	59
73967	47
74014	42
74056	74
74130	60
74190	57
74247	61
74308	58
74366	52
74418	57
74475	59
74534	48
74582	60
74642	60
74702	51
74753	59
74812	58
74870	54
74924	61
74985	59
75044	58
75102	47
75149	66
75215	60
75275	48
75323	64
75387	60
75447	38
75485	74
75559	57
75616	47
75663	68
75731	58
75789	48
75837	70
75907	57
75964	58
76022	47
76069	67
76136	63
76199	53
76252	59
76311	57
76368	47
76415	66
76481	59
76540	46
76586	62
76648	59
76707	51
76758	60
76818	60
76878	47
76925	42
76967	74
77041	59
77100	47
77147	64
77211	57
77268	48
77316	63
77379	58
77437	47
77484	63
77547	62
77609	47
77656	62
77718	58
77776	47
77823	65
77888	59
77947	58
78005	47
78052	65
78117	61
78178	52
78230	57
78287	60
78347	47
78394	67
78461	57
78518	48
78566	59
78625	57
78682	52
78734	57
78791	58
78849	57
78906	47
78953	64
79017	57
79074	47
79121	65
79186	58
79244	41
79285	68
79353	59
79412	46
79458	66
79524	58
79582	46
79628	66
79694	57
79751	48
79799	41
79840	70
79910	57
79967	47
80014	64
80078	67
80145	48
80193	67
80260	57
80317	47
80364	65
80429	58
80487	48
80535	61
80596	60
80656	47
80703	65
80768	57
80825	58
80883	47
80930	65
80995	59
81054	47
81101	64
81165	60
81225	51
81276	57
81333	57
81390	47
81437	60
81497	59
81556	47
81603	62
81665	60
81725	59
81784	50
81834	60
81895	58
81953	48
82001	62
82063	61
82124	48
82172	65
82237	57
82294	51
82345	63
82408	58
82466	47
82513	63
82576	60
82636	47
82683	55
82738	60
82798	57
82855	46
82901	62
82963	58
83021	47
83068	62
83130	60
83190	53
83243	60
83303	59
83362	51
83413	59
83472	59
83531	47
83578	65
83643	57
83700	60
83760	40
83800	70
83870	58
83928	50
83978	58
84036	57
84093	48
84141	61
84202	60
84262	39
84301	78
84379	59
84438	52
84490	56
84546	60
84606	58
84664	50
84714	61
84776	58
84834	48
84882	64
84946	58
85004	48
85052	62
85114	58
85172	51
85223	58
85281	59
85340	47
85387	70
85457	64
85521	47
85568	60
85628	57
85685	58
85743	43
85786	66
85852	61
85913	48
85961	62
86023	59
86082	47
86129	68
86197	57
86254	47
86301	64
86365	58
86423	47
86470	61
86531	58
86589	57
86646	48
86694	67
86761	58
86819	48
86867	62
86929	60
86989	48
87037	61
87098	60
87158	55
87213	60
87273	58
87331	48
87379	62
87441	61
87502	58
87560	47
87607	70
87677	59
87736	48
87784	58
87842	59
87901	47
87948	64
88012	58
88070	48
88118	62
88180	57
88237	47
88284	65
88349	59
88408	47
88455	66
88521	63
88584	59
88643	52
88695	60
88755	59
88814	47
88861	64
88925	60
88985	48
89033	69
89102	62
89164	51
89215	59
89274	60
89334	47
89381	68
89449	61
89510	58
89568	48
89616	66
89682	59
89741	51
89792	59
89851	59
89910	47
89957	65
90022	58
90080	47
90127	63
90190	60
90250	50
90300	59
90359	63
90422	59
90481	48
90529	61
90590	57
90647	48
90695	61
90756	61
90817	52
90869	64
90933	58
90991	48
91039	63
91102	60
91162	52
91214	58
91272	57
91329	40
91369	64
91433	61
91494	58
91552	47
91599	63
91662	59
91721	47
91768	64
91832	60
91892	48
91940	67
92007	64
92071	48
92119	64
92183	58
92241	44
92285	67
92352	67
92419	68
92487	47
92534	65
92599	62
92661	56
92717	60
92777	61
92838	46
92884	73
92957	58
93015	47
93062	74
93136	67
93203	57
93260	58
93318	60
93378	59
93437	53
93490	59
93549	59
93608	45
93653	73
93726	61
93787	43
93830	74
93904	58
93962	51
94013	60
94073	62
94135	47
94182	65
94247	59
94306	47
94353	44
94397	72
94469	63
94532	52
94584	64
94648	85
94733	51
94784	61
94845	62
94907	63
94970	63
95033	59
95092	47
95139	71
95210	60
95270	47
95317	62
95379	60
95439	60
95499	46
95545	63
95608	62
95670	51
95721	75
95797	63
95860	48
95908	62
95970	58
96028	47
96075	64
96139	63
96202	52
96254	60
96314	61
96375	61
96436	47
96483	65
96548	58
96606	51
96657	61
96718	57
96775	47
96822	64
96886	62
96948	47
96995	64
97059	60
97119	53
97172	59
97231	61
97292	47
97339	65
97404	70
97474	60
97534	47
97581	61
97642	58
97700	51
97751	57
97808	57
97865	47
97912	66
97978	58
98036	48
98084	61
98145	57
98202	53
98255	61
98316	63
98379	56
98435	48
98483	61
98544	56
98600	48
98648	64
98712	58
98770	49
98819	59
98878	57
98935	48
98983	64
99047	58
99105	48
99153	64
99217	60
99277	57
99334	47
99381	64
99445	57
99502	48
99550	63
99613	58
99671	47
99718	62
99780	59
99839	46
99885	63
99948	58
100006	47
100053	62
100115	58
100173	52
100225	44
100269	64
100333	59
100392	47
100439	67
100506	59
100565	47
100612	62
100674	61
100735	50
100785	59
100844	58
100902	49
100951	59
101010	59
101069	47
101116	61
101177	60
101237	57
101294	48
101342	75
101417	60
101477	47
101524	60
101584	57
101641	47
101688	61
101749	59
101808	47
101855	61
101916	56
101972	47
102019	61
102080	56
102136	56
102192	50
102242	60
102302	57
102359	47
102406	71
102477	59
102536	47
102583	63
102646	60
102706	47
102753	62
102815	57
102872	47
102919	62
102981	57
103038	47
103085	41
103126	71
103197	57
103254	47
103301	68
103369	60
103429	47
103476	67
103543	59
103602	47
103649	63
103712	60
103772	46
103818	85
103903	58
103961	47
104008	61
104069	60
104129	58
104187	49
104236	62
104298	58
104356	47
104403	61
104464	60
104524	47
104571	63
104634	58
104692	50
104742	57
104799	58
104857	47
104904	62
104966	60
105026	57
105083	51
105134	58
105192	59
105251	50
105301	59
105360	61
105421	47
105468	64
105532	58
105590	56
105646	57
105703	60
105763	39
105802	71
105873	59
105932	46
105978	42
106020	72
106092	60
106152	56
106208	57
106265	59
106324	47
106371	66
106437	61
106498	47
106545	67
106612	60
106672	55
106727	59
106786	58
106844	47
106891	66
106957	59
107016	59
107075	48
107123	64
107187	57
107244	51
107295	58
107353	60
107413	47
107460	63
107523	58
107581	47
107628	63
107691	56
107747	39
107786	72
107858	60
107918	57
107975	47
108022	62
108084	57
108141	47
108188	69
108257	58
108315	38
108353	72
108425	60
108485	63
108548	75
108623	58
108681	52
108733	61
108794	60
108854	48
108902	58
108960	58
109018	65
109083	47
109130	68
109198	66
109264	38
109302	73
109375	57
109432	48
109480	64
109544	64
109608	47
109655	67
109722	56
109778	47
109825	79
109904	55
109959	58
110017	46
110063	63
110126	58
110184	50
110234	57
110291	58
110349	48
110397	66
110463	58
110521	47
110568	63
110631	57
110688	49
110737	59
110796	57
110853	60
110913	51
110964	58
111022	55
111077	48
111125	63
111188	59
111247	54
111301	59
111360	86
111446	50
111496	57
111553	58
111611	47
111658	61
111719	57
111776	47
111823	57
111880	59
111939	59
111998	39
112037	69
112106	57
112163	51
112214	57
112271	61
112332	47
112379	70
112449	57
112506	51
112557	57
112614	57
112671	53
112724	58
112782	55
112837	60
112897	47
112944	60
113004	58
113062	42
113104	74
113178	59
113237	48
113285	61
113346	58
113404	47
113451	65
113516	60
113576	51
113627	58
113685	58
113743	58
113801	47
113848	66
113914	59
113973	47
114020	66
114086	64
114150	51
114201	59
114260	58
114318	47
114365	67
114432	58
114490	48
114538	61
114599	59
114658	45
114703	51
114754	66
114820	58
114878	47
114925	62
114987	60
115047	48
115095	66
115161	61
115222	49
115271	60
115331	58
115389	47
115436	65
115501	57
115558	48
115606	62
115668	59
115727	59
115786	47
115833	63
115896	58
115954	47
116001	64
116065	58
116123	48
116171	63
116234	60
116294	47
116341	64
116405	60
116465	47
116512	64
116576	58
116634	57
116691	46
116737	65
116802	60
116862	48
116910	64
116974	59
117033	48
117081	64
117145	59
117204	51
117255	59
117314	60
117374	48
117422	64
117486	59
117545	47
117592	47
117639	72
117711	61
117772	47
117819	68
117887	56
117943	47
117990	62
118052	59
118111	47
118158	64
118222	58
118280	47
118327	71
118398	67
118465	48
118513	67
118580	58
118638	56
118694	53
118747	58
118805	57
118862	51
118913	59
118972	57
119029	47
119076	66
119142	58
119200	51
119251	59
119310	58
119368	47
119415	62
119477	58
119535	59
119594	47
119641	68
119709	59
119768	50
119818	60
119878	58
119936	51
119987	57
120045	57
120102	47
120149	65
120214	59
120273	47
120320	64
120384	68
120452	55
120507	45
120552	64
120616	61
120677	51
120728	57
120785	58
120843	48
120891	72
120963	58
121021	49
121070	68
121138	59
121197	53
121250	58
121308	57
121365	48
121413	64
121477	60
121537	59
121596	39
121635	72
121707	63
121770	49
121819	63
121882	58
121940	47
121987	65
122052	61
122113	47
122160	72
122232	59
122291	48
122339	62
122401	62
122463	59
122522	47
122569	66
122635	62
122697	53
122750	59
122809	61
122870	47
122917	69
122986	61
123047	47
123094	71
123165	59
123224	47
123271	68
123339	60
123399	47
123446	47
123493	79
123572	57
123629	52
123681	62
123743	60
123803	48
123851	69
123920	64
123984	47
124031	63
124094	60
124154	55
124209	60
124269	60
124329	47
124376	69
124445	60
124505	59
124564	47
124611	68
124679	62
124741	46
124787	67
124854	60
124914	48
124962	63
125025	65
125090	47
125137	68
125205	60
125265	38
125303	77
125380	60
125440	61
125501	47
125548	64
125612	60
125672	52
125724	60
125784	59
125843	47
125890	65
125955	66
126021	47
126068	64
126132	61
126193	50
126243	58
126301	60
126361	47
126408	44
126452	62
126529	61
126590	47
126637	62
126699	63
126762	47
126809	71
126880	63
126943	47
126990	65
127055	60
127115	48
127163	64
127227	62
127289	47
127336	66
127402	60
127462	61
127523	47
127570	63
127633	60
127693	49
127742	61
127803	59
127862	53
127915	58
127973	59
128032	47
128079	65
128144	62
128206	49
128255	65
128320	64
128384	59
128443	44
128487	68
128555	61
128616	48
128664	64
128728	58
128786	48
128834	66
128900	60
128960	52
129012	59
129071	59
129130	48
129178	66
129244	64
129308	47
129355	45
129400	70
129470	70
129540	47
129587	69
129656	59
129715	50
129765	61
129826	59
129885	48
129933	64
129997	59
130056	48
130104	63
130167	61
130228	42
130270	72
130342	81
130423	56
130479	48
130527	62
130589	56
130645	47
130692	74
130766	59
130825	48
130873	69
130942	56
130998	47
131045	64
131109	57
131166	54
131220	56
131276	56
131332	61
131393	47
131440	68
131508	59
131567	52
131619	55
131674	57
131731	39
131770	73
131843	59
131902	48
131950	63
132013	60
132073	47
132120	62
132182	60
132242	44
132286	60
132346	61
132407	61
132468	47
132515	65
132580	57
132637	50
132687	64
132752	59
132811	47
132858	65
132923	59
132982	47
133029	62
133091	62
133153	50
133203	59
133262	56
133318	58
133376	47
133423	63
133486	60
133546	47
133593	65
133658	63
133721	51
133772	60
133832	60
133892	48
133940	65
134005	66
134071	47
134118	65
134183	60
134243	60
134303	49
134352	67
134419	59
134478	47
134525	63
134588	61
134649	47
134696	64
134760	60
134820	50
134870	68
134938	62
135000	48
135048	65
135113	60
135173	53
135226	45
135271	69
135340	59
135399	47
135446	74
135520	62
135582	48
135630	64
135694	61
135755	48
135803	62
135865	62
135927	48
135975	66
136041	63
136104	47
136151	67
136218	61
136279	59
136338	56
136394	58
136452	65
136517	48
136565	64
136629	59
136688	50
136738	63
136801	58
136859	52
136911	58
136969	60
137029	47
137076	67
137143	59
137202	60
137262	41
137303	75
137378	61
137439	48
137487	67
137554	61
137615	47
137662	66
137728	60
137788	46
137834	65
137899	61
137960	53
138013	63
138076	65
138141	47
138188	57
138245	60
138305	62
138367	48
138415	63
138478	639
139117	47
139164	68
139232	61
139293	47
139340	64
139404	60
139464	47
139511	66
139577	61
139638	47
139685	69
139754	57
139811	59
139870	46
139916	64
139980	57
140037	47
140084	66
140150	58
140208	47
140255	62
140317	59
140376	47
140423	62
140485	60
140545	47
140592	63
140655	58
140713	59
140772	48
140820	62
140882	59
140941	48
140989	63
141052	58
141110	52
141162	59
141221	58
141279	47
141326	62
141388	60
141448	47
141495	63
141558	61
141619	48
141667	56
141723	57
141780	60
141840	47
141887	69
141956	61
142017	47
142064	64
142128	59
142187	54
142241	60
142301	58
142359	47
142406	64
142470	63
142533	47
142580	65
142645	59
142704	61
142765	40
142805	70
142875	58
142933	47
142980	61
143041	56
143097	47
143144	65
143209	62
143271	49
143320	66
143386	60
143446	47
143493	64
143557	60
143617	58
143675	52
143727	58
143785	58
143843	47
143890	63
143953	57
144010	48
144058	61
144119	60
144179	51
144230	59
144289	59
144348	56
144404	59
144463	58
144521	47
144568	44
144612	72
144684	61
144745	41
144786	72
144858	58
144916	47
144963	65
145028	59
145087	47
145134	62
145196	61
145257	47
145304	62
145366	60
145426	44
145470	65
145535	60
145595	59
145654	47
145701	66
145767	62
145829	46
145875	70
145945	60
146005	48
146053	64
146117	60
146177	55
146232	59
146291	59
146350	47
146397	64
146461	58
146519	68
146587	47
146634	79
146713	56
146769	47
146816	61
146877	59
146936	53
146989	57
147046	59
147105	48
147153	66
147219	60
147279	47
147326	62
147388	58
147446	48
147494	43
147537	76
147613	60
147673	52
147725	58
147784	58
147842	47
147889	649
148538	60
148598	40
148638	72
148710	57
148767	52
148819	59
148878	59
148937	47
148984	63
149047	62
149109	64
149173	50
149223	58
149281	60
149341	47
149388	66
149454	58
149512	48
149560	63
149623	57
149680	51
149738	57
149796	57
149853	48
149901	65
149966	58
150024	60
150084	47
150131	64
150195	58
150253	50
150303	59
150362	60
150422	47
150469	62
150531	59
150590	47
150637	62
150699	59
150758	47
150805	63
150868	60
150928	47
150975	43
151018	74
151092	62
151154	47
151201	65
151266	58
151324	48
151372	64
151436	59
151495	48
151543	64
151607	61
151668	50
151718	66
151784	58
151842	47
151889	63
151952	58
152010	59
152069	48
152117	63
152180	61
152241	50
152291	60
152351	57
152408	48
152456	62
152518	58
152576	47
152623	62
152685	59
152744	42
152786	71
152857	58
152915	59
152974	47
153021	65
153086	57
153143	47
153190	66
153256	60
153316	50
153366	58
153424	59
153483	47
153530	66
153596	58
153654	48
153702	64
153766	65
153831	51
153882	57
153939	61
154000	59
154059	47
154106	63
154170	57
154227	45
154272	69
154341	60
154401	54
154455	61
154516	58
154574	47
154621	62
154683	59
154742	45
154787	68
154855	57
154912	59
154971	49
155020	68
155088	61
155149	47
155196	66
155262	59
155321	47
155368	64
155432	59
155491	46
155537	64
155601	60
155661	51
155712	65
155777	57
155834	62
155896	47
155943	65
156008	60
156068	48
156116	63
156179	60
156239	48
156287	61
156348	61
156409	47
156456	64
156520	59
156579	47
156626	70
156696	57
156753	50
156803	42
156845	70
156915	59
156974	48
157022	68
157090	61
157151	47
157198	64
157262	59
157321	48
157369	63
157432	60
157492	47
157539	65
157604	71
157675	51
157726	63
157789	63
157852	63
157915	47
157962	63
158025	58
158083	50
158133	58
158191	60
158251	52
158303	60
158363	61
158424	48
158472	66
158538	60
158598	60
158658	62
158720	60
158780	58
158838	54
158892	60
158952	61
159013	47
159060	64
159124	64
159188	53
159241	62
159303	73
159376	48
159424	67
159491	61
159552	48
159600	64
159664	60
159724	47
159771	46
159817	73
159890	59
159949	47
159996	60
160056	61
160117	47
160164	65
160229	58
160287	47
160334	64
160398	58
160456	48
160504	62
160566	57
160623	47
160670	62
160732	58
160790	58
160848	47
160895	64
160959	59
161018	48
161066	62
161128	60
161188	51
161239	60
161299	57
161356	48
161404	62
161466	58
161524	48
161572	70
161642	59
161701	59
161760	47
161807	63
161870	57
161927	47
161974	98
162072	59
162131	47
162178	76
162254	55
162309	56
162365	57
162422	58
162480	63
162543	72
162615	101
162716	73
162789	55
162844	57
162901	60
162961	47
163008	65
163073	56
163129	47
163176	62
163238	59
163297	48
163345	61
163406	56
163462	44
163506	68
163574	59
163633	48
163681	61
163742	55
163797	58
163855	47
163902	61
163963	57
164020	47
164067	65
164132	59
164191	50
164241	60
164301	57
164358	47
164405	64
164469	56
164525	48
164573	62
164635	58
164693	58
164751	37
164788	68
164856	60
164916	47
164963	63
165026	57
165083	47
165130	65
165195	59
165254	50
165304	60
165364	58
165422	48
165470	65
165535	59
165594	48
165642	58
165700	57
165757	58
165815	48
165863	65
165928	61
165989	47
166036	65
166101	58
166159	51
166210	61
166271	63
166334	47
166381	62
166443	61
166504	47
166551	69
166620	62
166682	58
166740	48
166788	65
166853	61
166914	47
166961	62
167023	61
167084	52
167136	60
167196	58
167254	49
167303	64
167367	59
167426	48
167474	71
167545	61
167606	59
167665	60
167725	61
167786	62
167848	55
167903	59
167962	59
168021	53
168074	61
168135	61
168196	54
168250	62
168312	60
168372	51
168423	58
168481	61
168542	54
168596	52
168648	60
168708	62
168770	50
168820	62
168883	58
168941	47
168988	67
169055	60
169115	47
169162	64
169226	64
169290	47
169337	64
169401	61
169462	49
169511	60
169571	59
169630	61
169691	51
169742	60
169802	58
169860	47
169907	64
169971	62
170033	41
170074	68
170142	60
170202	37
170239	74
170313	58
170371	47
170418	71
170489	62
170551	62
170613	45
170658	72
170730	61
170791	50
170841	59
170900	60
170960	55
171015	57
171072	64
171136	49
171185	60
171245	59
171304	38
171342	75
171417	59
171476	52
171528	52
171580	59
171639	61
171700	49
171749	60
171809	60
171869	53
171922	60
171982	59
172041	51
172092	61
172153	62
172215	50
172265	60
172325	60
172385	40
172425	70
172495	58
172553	60
172613	50
172663	60
172723	63
172786	47
172833	63
172896	60
172956	51
173007	62
173069	63
173132	50
173182	57
173239	58
173297	47
173344	64
173408	57
173465	59
173524	47
173571	69
173640	59
173699	49
173748	63
173811	68
173879	47
173926	66
173992	61
174053	51
174104	59
174163	59
174222	51
174274	59
174333	60
174393	53
174446	51
174497	60
174557	61
174618	51
174669	58
174727	60
174787	51
174838	63
174901	59
174960	50
175010	58
175068	59
175127	45
175172	63
175235	57
175292	51
175343	59
175402	62
175464	57
175521	47
175568	63
175631	56
175687	47
175734	64
175798	58
175856	47
175903	61
175964	61
176025	47
176072	62
176134	56
176190	47
176237	62
176299	57
176356	58
176414	47
176461	61
176522	57
176579	53
176632	60
176692	55
176747	47
176794	64
176858	61
176919	47
176966	61
177027	56
177083	51
177134	57
177191	57
177248	48
177296	55
177351	57
177408	57
177465	47
177512	60
177572	58
177631	50
177681	61
177743	59
177802	53
177855	58
177913	57
177970	51
178021	57
178078	59
178137	37
178174	72
178246	60
178306	58
178364	48
178412	61
178473	57
178530	48
178578	62
178640	62
178702	47
178749	651
179400	57
179457	51
179508	58
179566	58
179624	49
179673	62
179735	55
179790	56
179846	47
179893	62
179955	58
180013	52
180065	58
180123	55
180178	47
180225	60
180285	58
180343	48
180391	65
180456	59
180515	51
180566	58
180624	56
180680	47
180727	59
180786	57
180843	56
180899	47
180946	61
181007	58
181065	50
181115	60
181175	56
181231	48
181279	64
181343	61
181404	47
181451	68
181519	60
181579	51
181630	58
181688	62
181750	58
181808	47
181855	64
181919	58
181977	47
182024	66
182090	58
182148	57
182205	61
182266	59
182325	51
182376	59
182435	60
182495	51
182546	62
182608	60
182668	60
182728	51
182779	59
182839	60
182899	53
182952	60
183012	60
183072	50
183122	62
183184	61
183245	51
183296	60
183356	62
183418	54
183472	60
183532	61
183593	51
183644	639
184283	60
184343	62
184405	52
184457	58
184515	63
184578	51
184629	60
184689	59
184748	53
184801	62
184863	62
184925	55
184980	60
185040	59
185099	55
185154	62
185216	61
185277	59
185336	53
185389	59
185448	60
185508	52
185560	65
185625	57
185682	52
185734	60
185794	62
185856	51
185907	60
185967	58
186025	51
186076	62
186138	60
186198	59
186257	54
186311	61
186372	60
186432	51
186483	58
186541	60
186601	51
186652	62
186714	56
186770	53
186823	60
186883	60
186943	52
186995	58
187053	64
187117	51
187168	54
187222	61
187283	59
187342	50
187392	59
187451	58
187509	52
187561	61
187622	58
187680	50
187730	64
187794	61
187855	54
187909	62
187971	59
188030	50
188080	60
188140	62
188202	59
188261	50
188311	58
188369	59
188428	52
188480	61
188541	57
188598	50
188649	58
188707	58
188765	53
188818	59
188877	57
188934	50
188984	57
189041	57
189098	58
189156	53
189209	59
189268	57
189325	51
189376	57
189433	58
189491	51
189542	58
189600	57
189657	52
189709	59
189768	58
189826	51
189877	59
189936	59
189995	52
190047	53
190100	60
190160	58
190218	51
190269	57
190326	60
190386	52
190438	56
190494	59
190553	50
190603	57
190660	56
190716	52
190768	58
190826	61
190887	50
190937	58
190995	57
191052	56
191108	50
191158	59
191217	58
191275	54
191329	57
191386	56
191442	52
191494	60
191554	59
191613	52
191665	58
191723	58
191781	52
191833	57
191890	62
191952	60
192012	50
192062	59
192121	56
192177	51
192228	58
192286	58
192344	50
192394	58
192452	62
192514	51
192565	58
192623	59
192683	50
192733	61
192794	57
192851	53
192904	52
192956	59
193015	61
193076	50
193126	61
193187	59
193246	53
193299	59
193358	59
193417	51
193468	61
193529	61
193590	50
193640	58
193698	60
193758	52
193810	58
193868	59
193927	61
193988	53
194041	61
194102	63
194165	51
194216	59
194275	57
194332	51
194383	59
194442	59
194501	55
194556	57
194613	60
194673	51
194724	60
194784	58
194842	60
194902	51
194953	61
195014	60
195074	52
195126	63
195189	60
195249	52
195301	57
195358	59
195417	50
195467	61
195528	61
195589	55
195644	60
195704	57
195761	51
195812	51
195863	59
195922	59
195981	53
196034	63
196097	59
196156	52
196208	61
196269	60
196329	50
196379	60
196439	59
196498	54
196552	59
196611	58
196669	53
196722	58
196780	61
196841	60
196901	51
196952	58
197010	62
197072	54
197127	59
197186	59
197245	51
197296	60
197356	59
197415	52
197467	65
197532	58
197590	50
197640	58
197698	60
197758	60
197818	53
197871	61
197932	62
197994	53
198047	60
198107	59
198166	50
198216	61
198277	59
198336	50
198386	57
198443	62
198505	56
198561	59
198620	59
198679	52
198731	51
198782	59
198841	57
198898	51
198949	60
199009	63
199072	51
199123	62
199185	65
199250	51
199301	61
199362	58
199420	51
199471	58
199529	64
199593	55
199648	63
199711	62
199773	65
199838	53
199891	60
199951	57
200008	53
200061	59
200120	59
200179	50
200229	64
200293	60
200353	51
200404	62
200466	59
200525	54
200579	61
200640	61
200701	61
200762	54
200816	60
200876	59
200935	51
200986	59
201045	59
201104	50
201154	65
201219	63
201282	52
201334	61
201395	60
201455	50
201505	62
201567	61
201628	53
201681	52
201733	59
201792	64
201856	53
201909	61
201970	61
202031	50
202081	60
202141	60
202201	76
202278	60
202338	61
202399	53
202452	60
202512	59
202571	51
202622	60
202682	59
202741	60
202801	50
202851	60
202911	58
202969	52
203021	60
203081	60
203141	52
203193	62
203255	59
203314	50
203364	61
203425	59
203484	52
203536	60
203597	59
203656	61
203717	54
203771	60
203831	61
203892	50
203942	61
204003	58
204061	51
204112	58
204170	59
204229	52
204281	61
204342	61
204403	54
204457	62
204519	60
204579	51
204630	51
204681	59
204740	61
204801	50
204851	59
204910	59
204969	52
205021	59
205080	58
205138	53
205191	58
205249	58
205307	51
205358	60
205418	61
205479	54
205533	62
205595	58
205653	59
205712	51
205763	62
205825	60
205885	50
205935	60
205995	59
206054	51
206105	59
206164	60
206224	50
206274	61
206335	58
206393	53
206446	59
206505	61
206566	58
206624	50
206674	61
206735	60
206795	52
206847	58
206905	60
206965	51
207016	59
207075	59
207134	50
207184	59
207243	59
207302	52
207354	60
207414	62
207476	52
207528	68
207596	61
207657	60
207717	54
207771	60
207831	77
207909	59
207968	60
208028	58
208086	50
208136	58
208194	62
208256	50
208306	59
208365	59
208424	50
208474	61
208535	58
208593	59
208652	50
208702	59
208761	61
208822	50
208872	60
208932	60
208992	51
209043	57
209100	58
209158	54
209212	61
209273	60
209333	53
209386	59
209446	58
209504	59
209563	51
209614	60
209674	59
209733	52
209785	59
209844	59
209903	52
209955	58
210013	60
210073	50
210123	60
210183	63
210246	51
210297	59
210356	57
210413	52
210465	53
210518	60
210578	59
210637	51
210688	61
210749	59
210808	53
210861	58
210919	61
210980	51
211031	61
211092	59
211151	57
211208	62
211270	60
211330	52
211382	60
211442	57
211499	60
211559	52
211611	59
211670	59
211729	52
211781	61
211842	59
211901	50
211951	65
212016	58
212074	51
212125	62
212188	64
212252	52
212304	65
212369	68
212437	58
212495	50
212545	61
212606	63
212669	53
212722	58
212780	60
212840	51
212891	59
212951	58
213009	52
213061	58
213119	58
213177	50
213227	59
213286	60
213346	50
213396	52
213448	61
213509	56
213565	50
213616	58
213674	60
213734	50
213784	58
213842	640
214482	52
214534	60
214594	60
214654	50
214704	62
214766	60
214826	50
214876	63
214939	57
214996	58
215054	50
215104	57
215161	59
215220	53
215273	60
215333	57
215390	52
215442	60
215502	57
215559	52
215611	58
215669	62
215731	52
215783	62
215845	59
215904	60
215964	51
216015	60
216075	60
216135	54
216189	60
216249	60
216309	50
216359	59
216418	59
216477	51
216528	62
216592	60
216652	50
216702	61
216763	62
216825	52
216877	52
216929	58
216987	61
217048	51
217099	68
217167	59
217226	52
217278	61
217339	63
217402	65
217467	65
217532	60
217592	54
217646	62
217709	61
217770	51
217821	58
217880	60
217940	59
217999	50
218049	65
218114	59
218173	56
218229	60
218290	59
218349	52
218401	61
218462	62
218524	51
218575	65
218640	60
218700	51
218751	58
218809	60
218869	62
218931	50
218981	61
219042	59
219101	50
219151	62
219213	57
219270	53
219323	61
219384	59
219443	51
219494	60
219554	60
219614	52
219666	59
219725	58
219783	52
219835	53
219888	58
219946	60
220006	50
220056	59
220115	62
220177	49
220226	60
220286	60
220346	53
220399	59
220459	63
220522	54
220576	61
220637	61
220698	53
220751	58
220809	58
220867	59
220926	51
220977	59
221036	60
221096	50
221146	61
221207	58
221265	50
221315	59
221374	59
221433	51
221484	61
221545	64
221609	53
221662	60
221722	61
221783	62
221845	50
221895	60
221955	63
222018	50
222068	61
222129	58
222187	61
222248	61
222309	60
222369	50
222419	61
222480	59
222539	51
222590	61
222651	59
222710	51
222761	55
222816	60
222876	62
222938	50
222988	62
223050	59
223109	50
223159	60
223219	62
223281	51
223332	58
223390	63
223453	54
223507	58
223565	59
223624	53
223677	61
223738	60
223798	57
223855	50
223905	58
223963	62
224025	51
224076	59
224135	59
224194	72
224266	57
224323	60
224383	49
224432	59
224491	59
224550	51
224601	60
224661	59
224720	62
224782	54
224836	58
224894	59
224953	51
225004	61
225065	58
225123	53
225176	58
225234	58
225292	51
225343	62
225405	58
225463	52
225515	59
225574	60
225634	51
225685	52
225737	57
225794	57
225851	51
225902	59
225961	59
226020	51
226071	60
226131	59
226190	78
226268	61
226329	62
226391	51
226442	65
226507	59
226566	51
226617	58
226675	74
226749	59
226808	57
226865	59
226924	59
226983	54
227037	59
227096	59
227155	467
227622	60
227682	58
227740	51
227791	58
227849	59
227908	51
227959	57
228016	57
228073	59
228132	50
228182	58
228240	58
228298	51
228349	59
228408	60
228468	50
228518	61
228579	60
228639	51
228690	61
228751	59
228810	51
228861	57
228918	61
228979	58
229037	54
229091	58
229149	57
229206	51
229257	62
229319	58
229377	51
229428	57
229485	58
229543	54
229597	59
229656	56
229712	50
229762	58
229820	57
229877	51
229928	58
229986	57
230043	58
230101	50
230151	58
230209	58
230267	51
230318	59
230377	362
230739	55
230794	58
230852	59
230911	51
230962	57
231019	59
231078	56
231134	57
231191	57
231248	60
231308	53
231361	57
231418	60
231478	54
231532	60
231592	60
231652	51
231703	59
231762	58
231820	52
231872	60
231932	56
231988	56
232044	58
232103	62
232165	50
232215	51
232266	68
232334	58
232392	51
232443	59
232502	58
232560	51
232611	59
232670	60
232730	52
232782	58
232840	60
232900	53
232953	59
233012	57
233069	52
233121	58
233179	59
233238	61
233299	53
233352	59
233411	60
233471	51
233522	60
233582	60
233642	51
233693	58
233751	58
233809	53
233862	57
233919	59
233978	51
234029	58
234087	58
234145	58
234203	51
234254	59
234313	58
234371	50
234421	57
234478	57
234535	51
234586	61
234647	59
234706	51
234757	62
234819	62
234881	51
234932	57
234989	56
235045	51
235096	51
235147	57
235204	62
235266	66
235332	58
235390	57
235447	52
235499	61
235560	61
235621	51
235672	59
235731	59
235790	52
235842	61
235903	57
235960	51
236011	58
236069	58
236127	60
236187	52
236239	58
236297	57
236354	47
236401	61
236462	57
236519	47
236566	65
236631	58
236689	53
236742	59
236802	57
236859	52
236911	57
236969	60
237029	60
237089	53
237142	58
237200	60
237260	51
237311	58
237369	58
237427	65
237492	57
237549	57
237606	51
237657	57
237714	58
237772	47
237819	61
237880	58
237938	46
237984	56
238040	64
238104	56
238160	46
238206	60
238266	57
238323	47
238370	63
238433	57
238490	51
238541	58
238599	57
238656	50
238706	58
238764	58
238822	52
238874	58
238932	58
238990	57
239047	47
239094	64
239158	57
239215	51
239266	58
239324	57
239381	46
239427	65
239492	57
239549	52
239601	58
239659	59
239718	43
239761	63
239824	57
239881	62
239943	52
239995	64
240059	61
240120	78
240198	61
240259	57
240316	51
240367	98
240465	60
240525	54
240579	95
240674	65
240739	71
240810	92
240902	63
240965	55
241020	51
241071	58
241130	58
241188	50
241238	60
241298	63
241361	50
241411	59
241470	60
241530	47
241577	65
241642	57
241699	50
241749	59
241808	60
241868	47
241915	63
241978	58
242036	59
242095	47
242142	63
242205	57
242262	46
242308	64
242372	61
242433	47
242480	62
242542	56
242598	40
242638	73
242711	57
242768	47
242815	60
242875	61
242936	62
242998	50
243048	57
243105	58
243163	46
243209	63
243272	60
243332	42
243374	68
243442	57
243499	54
243553	60
243613	57
243670	52
243722	59
243781	57
243838	50
243888	53
243941	61
244002	61
244063	52
244115	59
244174	61
244235	51
244286	57
244343	61
244404	50
244454	58
244512	59
244571	47
244618	64
244682	56
244738	53
244791	61
244852	59
244911	59
244970	47
245017	62
245079	60
245139	47
245186	65
245251	57
245308	63
245371	61
245432	61
245493	55
245548	63
245611	61
245672	54
245726	57
245784	58
245842	57
245899	48
245947	62
246009	60
246069	47
246116	65
246181	58
246239	56
246295	58
246353	58
246411	48
246459	60
246519	642
247161	51
247212	63
247275	58
247333	50
247383	46
247429	63
247492	57
247549	45
247594	65
247659	60
247719	41
247760	74
247834	56
247890	37
247927	74
248001	57
248058	52
248110	59
248169	66
248235	43
248278	63
248341	58
248399	61
248460	62
248523	56
248579	57
248636	51
248687	62
248749	58
248807	51
248858	59
248917	60
248977	51
249028	63
249091	58
249149	52
249201	58
249259	118
249377	59
249436	50
249486	58
249544	82
249626	613
250239	58
250297	56
250353	47
250400	61
250461	69
250530	47
250577	64
250641	57
250698	47
250745	63
250808	58
250866	48
250914	39
250953	71
251024	61
251085	41
251126	67
251193	61
251254	47
251301	64
251365	57
251422	47
251469	61
251530	58
251588	54
251642	60
251702	56
251758	47
251805	63
251868	58
251926	57
251983	51
252034	57
252091	60
252151	47
252198	65
252263	57
252320	47
252367	62
252429	57
252486	55
252541	57
252598	78
252676	50
252726	66
252792	56
252848	57
252905	39
252944	72
253016	58
253074	51
253125	61
253186	57
253243	52
253295	59
253354	57
253411	51
253462	60
253522	65
253587	52
253639	59
253698	57
253755	50
253805	51
253856	59
253915	62
253977	53
254030	57
254087	63
254150	51
254201	60
254261	58
254319	52
254371	62
254433	56
254489	51
254540	58
254598	58
254656	50
254706	58
254764	60
254824	57
254881	51
254932	60
254992	60
255052	51
255103	63
255166	57
255223	52
255275	63
255338	61
255399	50
255449	62
255511	57
255568	60
255628	57
255685	60
255745	58
255803	51
255854	57
255911	59
255970	45
256015	66
256081	57
256138	51
256189	60
256249	60
256309	52
256361	61
256422	63
256485	51
256536	58
256594	57
256651	51
256702	46
256748	62
256810	58
256868	51
256919	60
256979	59
257038	43
257081	68
257150	55
257205	51
257256	61
257317	56
257373	54
257427	60
257487	60
257547	51
257598	70
257668	60
257728	57
257785	63
257848	90
257938	101
258039	106
258145	120
258265	87
258352	59
258412	71
258483	75
258558	88
258647	89
258736	62
258798	54
258852	60
258912	61
258973	62
259035	52
259087	63
259150	57
259207	54
259261	59
259320	59
259379	52
259431	59
259490	61
259551	51
259602	58
259660	59
259719	54
259773	59
259833	59
259892	50
259942	51
259993	61
260054	62
260116	55
260171	60
260231	63
260294	53
260347	62
260410	60
260470	52
260522	61
260584	67
260651	57
260708	87
260795	71
260866	51
260917	58
260975	62
261037	65
261102	51
261153	61
261214	63
261277	55
261332	58
261390	71
261461	52
261513	60
261574	60
261634	50
261684	58
261742	59
261801	51
261852	59
261911	59
261970	59
262029	52
262081	61
262142	58
262200	53
262253	67
262320	59
262379	54
262433	58
262491	58
262549	54
262604	65
262669	84
262753	54
262807	57
262864	93
262957	80
263037	52
263089	84
263173	69
263242	54
263296	67
263363	57
263420	54
263474	126
263600	86
263686	77
263763	57
263820	61
263881	50
263931	57
263989	60
264049	52
264101	71
264172	56
264228	57
264285	50
264335	64
264399	58
264457	50
264507	58
264565	58
264623	51
264674	60
264734	61
264795	51
264846	57
264903	58
264961	50
265011	64
265075	64
265139	57
265196	49
265246	60
265306	57
265363	51
265414	61
265475	59
265534	49
265583	61
265644	58
265702	50
265752	58
265810	57
265867	49
265917	57
265974	62
266036	49
266085	51
266136	58
266194	62
266256	47
266303	60
266363	58
266421	47
266468	61
266529	57
266586	40
266626	78
266704	60
266764	47
266811	66
266877	56
266933	47
266980	62
267042	55
267097	56
267153	47
267200	67
267267	58
267325	47
267372	63
267435	57
267492	37
267529	71
267600	55
267655	47
267702	65
267767	56
267823	63
267886	60
267946	72
268018	61
268079	52
268131	59
268190	58
268248	47
268295	66
268361	59
268420	48
268468	61
268529	59
268588	44
268632	72
268704	58
268762	48
268810	66
268876	59
268935	47
268982	51
269033	64
269097	57
269154	47
269201	61
269262	59
269321	47
269368	64
269432	63
269495	41
269536	67
269603	60
269663	47
269710	64
269774	56
269830	48
269878	62
269940	59
269999	60
270059	47
270106	67
270173	60
270233	47
270280	63
270343	58
270401	46
270447	67
270514	59
270573	50
270623	64
270687	62
270749	46
270795	65
270860	60
270921	59
270980	43
271023	65
271088	58
271146	46
271192	64
271256	57
271313	57
271370	63
271433	60
271493	48
271541	63
271604	57
271661	52
271713	62
271775	58
271833	50
271883	52
271935	57
271992	63
272055	41
272096	69
272165	60
272225	50
272275	59
272334	58
272392	50
272442	60
272502	58
272560	47
272607	64
272671	66
272737	46
272783	65
272848	63
272911	61
272972	54
273026	58
273084	67
273151	48
273199	62
273261	58
273319	39
273358	72
273430	58
273488	47
273535	60
273595	57
273652	47
273699	62
273761	57
273818	57
273875	47
273922	62
273984	61
274045	47
274092	63
274155	58
274213	50
274263	62
274325	57
274382	48
274430	62
274492	58
274550	47
274597	65
274662	56
274719	45
274764	49
274813	72
274885	58
274943	47
274990	60
275050	59
275109	47
275156	60
275216	58
275274	47
275321	63
275384	58
275442	47
275489	64
275553	60
275613	48
275661	65
275726	60
275786	57
275843	37
275880	72
275952	59
276011	52
276063	63
276126	61
276187	50
276237	59
276296	58
276354	50
276404	61
276465	59
276524	51
276575	64
276639	59
276698	63
276761	51
276812	60
276873	60
276933	51
276984	62
277046	59
277105	51
277156	57
277214	57
277271	51
277322	58
277380	58
277438	52
277490	57
277547	59
277606	41
277647	56
277703	63
277766	59
277825	38
277863	76
277939	59
277998	50
278048	60
278108	58
278166	47
278213	65
278278	59
278337	47
278384	66
278450	58
278508	40
278548	74
278622	62
278684	59
278743	51
278794	61
278855	59
278914	47
278961	62
279023	59
279082	47
279129	67
279196	62
279259	50
279309	62
279371	58
279429	46
279475	61
279536	59
279595	62
279657	50
279707	58
279765	61
279826	51
279877	62
279939	57
279996	53
280049	60
280109	58
280167	51
280218	59
280277	61
280338	57
280395	59
280454	59
280513	52
280565	51
280617	60
280677	58
280735	47
280782	67
280849	60
280909	50
280959	59
281018	61
281079	50
281129	61
281191	59
281250	44
281294	68
281362	59
281421	44
281465	64
281529	60
281590	59
281649	48
281697	63
281760	59
281819	47
281866	61
281927	62
281989	41
282030	70
282100	59
282159	51
282210	58
282268	59
282327	47
282374	66
282440	60
282500	59
282559	51
282610	58
282668	61
282729	47
282776	65
282841	65
282906	50
282957	60
283017	59
283076	50
283126	64
283190	63
283253	44
283297	69
283366	58
283424	40
283464	51
283515	72
283587	61
283648	49
283697	62
283759	57
283816	47
283863	64
283927	60
283987	47
284034	65
284099	60
284159	39
284198	71
284269	59
284328	54
284382	64
284446	58
284504	57
284561	47
284608	65
284673	58
284731	47
284778	63
284841	69
284910	48
284958	65
285023	61
285084	48
285132	66
285198	58
285256	47
285303	65
285368	59
285427	57
285484	45
285529	67
285596	58
285654	42
285696	70
285766	57
285823	48
285871	64
285935	60
285995	47
286042	66
286108	57
286165	47
286212	65
286277	59
286336	47
286383	44
286427	72
286499	58
286557	47
286604	63
286667	58
286725	47
286772	65
286837	70
286907	48
286955	65
287020	59
287079	47
287126	64
287190	59
287249	51
287300	59
287360	57
287417	56
287473	40
287513	68
287581	58
287639	46
287685	63
287748	57
287805	47
287852	62
287914	57
287971	47
288018	62
288080	55
288135	51
288186	59
288245	56
288301	57
288358	47
288405	62
288467	56
288523	42
288565	69
288634	62
288696	52
288748	58
288806	55
288861	48
288909	66
288975	57
289032	47
289079	67
289146	62
289208	36
289244	37
289296	70
289366	58
289424	47
289471	61
289532	60
289592	47
289639	64
289703	57
289760	47
289807	63
289870	56
289926	47
289973	61
290034	56
290090	47
290137	62
290199	58
290257	60
290317	47
290364	63
290427	57
290484	47
290531	61
290592	57
290649	46
290695	62
290757	58
290815	47
290862	60
290922	56
290978	53
291031	57
291088	56
291144	60
291204	40
291244	66
291310	56
291366	48
291414	60
291474	60
291534	47
291581	62
291643	58
291701	47
291748	71
291819	58
291877	47
291924	62
291986	58
292044	47
292091	41
292132	71
292203	62
292265	49
292314	61
292375	58
292433	46
292479	389
292868	59
292927	52
292979	60
293039	62
293101	46
293147	62
293209	59
293268	48
293316	66
293382	59
293441	59
293500	47
293547	67
293614	61
293675	47
293722	65
293787	58
293845	48
293893	66
293959	63
294022	48
294070	68
294138	61
294199	50
294249	63
294312	63
294375	58
294433	54
294487	61
294548	59
294607	52
294659	59
294718	66
294784	46
294830	64
294894	60
294954	40
294994	75
295069	63
295132	53
295185	59
295244	60
295304	50
295354	53
295407	60
295468	60
295528	50
295579	59
295638	59
295697	51
295748	64
295812	60
295872	41
295913	68
295981	59
296040	50
296090	60
296150	59
296209	46
296255	64
296319	58
296377	58
296435	52
296487	59
296546	61
296607	38
296645	58
296718	62
296780	52
296832	58
296890	61
296951	46
296997	64
297061	60
297121	43
297164	74
297238	66
297304	59
297363	49
297412	62
297474	59
297533	47
297580	64
297644	67
297711	53
297764	59
297823	60
297883	47
297930	64
297994	61
298055	46
298101	67
298168	59
298227	54
298281	49
298330	64
298394	58
298452	43
298495	71
298566	58
298624	40
298664	70
298734	60
298794	50
298844	60
298904	69
298973	47
299020	65
299085	59
299144	48
299192	65
299257	60
299317	63
299380	51
299431	63
299494	60
299554	42
299596	70
299666	60
299726	38
299764	72
299836	64
299900	44
299944	69
